func activ -BipolarSigmoid((double)2.0) , init - RandomInitializer()  500 iteracji
window|hide layer 1|teach error|predic error 30%|10 values|5 |1|predic error 30%|10 values|5 |1
2|1|0,883533|13,332753|15,096390|15,947412|16,561835|22,816800|29,997445|28,684563|16,561835
2|2|0,709144|5,619298|5,646571|6,322282|7,028901|23,005441|23,887852|17,406099|7,028901
2|3|0,808592|7,974357|6,824885|7,615686|8,151984|23,029610|26,740655|22,282462|8,151984
2|4|0,829513|8,387077|7,242969|8,083337|8,826293|22,969406|26,522344|21,940170|8,826293
2|5|0,876894|14,602086|17,751233|18,617753|19,905081|22,541666|29,550199|27,997365|19,905081
2|6|0,713964|8,583827|7,995146|8,851545|9,590502|22,618933|26,435808|22,152244|9,590502
2|7|0,940196|10,815215|9,056979|10,033620|11,014030|22,882084|27,730822|24,359551|11,014030
2|8|0,810557|9,514937|9,309964|10,177189|10,831956|22,668524|27,515818|24,123662|10,831956
2|9|0,966815|19,708871|26,904384|27,572014|29,189919|22,758367|31,352131|31,125871|29,189919
2|10|0,939489|11,275081|11,109818|12,134298|13,406086|22,504504|27,542798|24,317403|13,406086
2|11|1,362434|19,475948|25,667936|26,470732|28,120983|22,591841|30,977136|30,694379|28,120983
2|12|1,027582|17,063569|21,198647|22,111517|23,696747|22,756839|30,292236|29,257333|23,696747
2|13|0,994490|15,937718|20,126319|21,000664|22,733730|22,248602|29,146246|27,632363|22,733730
2|14|2,189467|19,569977|26,287022|27,042204|28,847750|22,409661|30,679130|30,324531|28,847750
2|15|1,165661|19,941296|26,705792|27,463265|29,164234|22,577028|31,086999|30,897757|29,164234
2|16|1,380198|17,946183|22,798307|23,690195|25,364791|22,548031|30,351304|29,595945|25,364791
2|17|0,986693|13,929154|15,006299|16,090718|17,561651|22,366947|28,694704|26,687765|17,561651
2|18|1,696809|22,303380|31,445848|32,001341|33,689808|22,646960|32,055317|32,488440|33,689808
2|19|1,344982|18,664647|24,289345|25,128891|26,785203|22,408503|30,541241|30,072663|26,785203
2|20|0,746273|11,042724|11,227791|12,158505|13,114441|22,937163|28,282265|25,267616|13,114441
3|1|1,567762|6,639303|8,744633|9,401445|10,809958|21,539227|21,341116|16,082777|10,809958
3|2|0,906724|8,163887|9,410407|10,038059|11,497845|20,913943|20,558204|14,394276|11,497845
3|3|0,759224|8,949915|9,029766|9,869978|10,909094|22,380512|24,240982|18,184823|10,909094
3|4|0,816694|10,247688|9,760186|10,614914|11,063115|22,830693|27,018426|23,016617|11,063115
3|5|0,863589|15,732446|19,557081|20,385426|21,655663|22,958877|28,735496|25,985615|21,655663
3|6|1,102753|18,555383|23,148458|24,064780|25,560566|22,994005|29,484848|27,358728|25,560566
3|7|0,889658|12,616307|13,231309|14,120696|14,801084|23,034919|27,585566|23,738381|14,801084
3|8|0,870704|12,805505|13,047164|13,971030|14,595157|23,182474|27,466590|23,466976|14,595157
3|9|1,114595|8,656749|8,154516|8,915665|9,150590|22,734410|27,603095|24,236560|9,150590
3|10|1,097330|21,099362|29,504702|30,071400|31,584367|22,907531|32,074992|32,266120|31,584367
3|11|1,059798|14,892369|17,883055|18,789743|20,441710|22,413448|26,243768|21,580417|20,441710
3|12|0,793317|10,845571|10,095354|11,025272|11,941917|22,883826|25,233107|19,422445|11,941917
3|13|0,972885|12,511649|12,824298|13,801985|14,872537|22,498391|26,598704|22,345016|14,872537
3|14|0,847016|12,579382|13,006205|13,931102|14,797534|23,078192|27,010064|22,558344|14,797534
3|15|0,857127|13,532851|14,029524|15,099453|16,582479|22,760590|25,251882|19,175214|16,582479
3|16|1,016972|10,687092|10,574546|11,537127|12,818065|22,170886|24,645991|19,275622|12,818065
3|17|1,479639|20,711891|27,956046|28,691583|30,500325|22,783480|29,815993|28,202067|30,500325
3|18|0,759188|9,320142|7,009514|7,861336|8,160014|23,027664|25,621001|20,365216|8,160014
3|19|0,803129|11,856817|11,535662|12,449356|12,935578|22,990978|27,388065|23,486231|12,935578
3|20|1,073349|14,098366|15,845405|16,906074|18,675320|22,088845|25,929269|21,315134|18,675320
4|1|1,124710|11,008923|9,775966|11,019430|11,336007|22,985447|23,123860|17,254406|11,336007
4|2|0,968369|12,414068|13,683265|14,733799|15,406646|23,141483|25,544811|21,438950|15,406646
4|3|0,789731|7,492755|7,508447|8,514658|9,062616|22,553624|20,661026|13,803040|9,062616
4|4|0,828710|10,564560|7,810608|8,936345|9,130629|23,113495|22,587575|16,299619|9,130629
4|5|0,866250|11,325095|5,964631|7,282934|6,582517|23,011617|21,998691|16,151408|6,582517
4|6|1,128375|10,218704|3,791027|4,872136|4,759873|23,139274|15,059252|10,072320|4,759873
4|7|0,760858|7,323750|5,212241|6,200500|6,296271|22,688486|18,264006|11,445069|6,296271
4|8|0,856491|14,211692|15,806066|17,136063|17,499216|22,261572|25,541663|21,177195|17,499216
4|9|0,964059|13,037893|9,249666|10,774937|10,520061|22,874178|22,120766|16,687028|10,520061
4|10|0,894864|14,202831|14,608404|15,977607|15,815870|22,756907|26,127341|21,257615|15,815870
4|11|1,051187|15,826203|19,919296|20,936729|21,789202|22,653028|28,861948|25,184058|21,789202
4|12|0,852044|13,389455|12,831221|14,191860|14,211988|23,151995|25,037271|20,207049|14,211988
4|13|0,928698|14,033127|11,449229|13,177770|12,625275|22,591795|20,975123|17,103182|12,625275
4|14|1,006856|16,372678|18,383687|19,890684|20,270768|22,377548|25,088404|21,292280|20,270768
4|15|1,136369|18,884924|24,746249|25,733345|26,901275|22,729436|28,218233|25,697467|26,901275
4|16|0,820713|13,069857|11,189865|12,577522|12,116765|23,118052|25,075147|20,381769|12,116765
4|17|0,992542|12,436400|7,444904|8,903269|8,297535|22,448503|21,120771|15,490460|8,297535
4|18|1,255863|19,634794|25,951164|26,993497|28,142440|22,183294|28,490856|26,784024|28,142440
4|19|0,866159|18,550782|23,398350|24,520972|25,439271|22,984821|28,693232|26,317580|25,439271
4|20|0,863638|16,320281|19,462288|20,757352|21,291652|22,725774|25,712228|21,540577|21,291652
5|1|1,211614|12,587427|11,431873|13,191102|17,017608|23,185551|21,630505|16,132834|17,017608
5|2|0,941700|7,575404|5,829995|7,045022|9,697771|21,498738|10,148546|7,835223|9,697771
5|3|0,841227|8,659730|3,825346|4,922094|7,171082|23,247474|9,170276|7,074549|7,171082
5|4|0,806819|9,899922|9,431681|10,781970|13,188350|22,053351|22,894368|16,659695|13,188350
5|5|0,820884|10,090839|8,626822|10,061927|13,555458|22,702055|17,805677|11,237798|13,555458
5|6|0,844271|11,638417|10,801506|12,371742|15,358158|23,153475|21,217326|14,547615|15,358158
5|7|0,806308|9,075295|6,162100|7,540650|10,510002|22,319602|14,715184|9,846115|10,510002
5|8|0,877747|9,990127|4,714044|5,947537|8,696228|23,255042|13,820735|9,004027|8,696228
5|9|0,866734|11,369304|6,102174|7,659009|10,940978|22,974265|15,747442|10,856968|10,940978
5|10|0,840766|8,213694|5,222565|6,501335|8,825535|22,798186|13,238639|9,163156|8,825535
5|11|0,810803|11,884730|10,905317|12,560029|15,589001|22,560112|20,861907|14,561000|15,589001
5|12|1,053271|19,638541|24,754004|26,415343|29,570480|22,827470|26,560739|22,832957|29,570480
5|13|0,849884|10,730119|5,249424|6,675350|9,777265|23,035094|16,144998|11,037012|9,777265
5|14|0,808856|14,926487|17,555011|18,947218|21,587026|22,516318|26,987313|21,876016|21,587026
5|15|0,818064|11,549074|6,928952|8,472526|11,631918|22,996978|20,352894|14,639686|11,631918
5|16|0,761681|7,973682|5,454072|6,727537|9,480888|22,633196|13,843232|9,365501|9,480888
5|17|0,797670|10,641089|6,986146|8,659409|12,804567|22,768228|13,735583|9,480870|12,804567
5|18|0,820216|12,884039|11,573595|13,173522|15,873139|23,156330|25,566857|21,581314|15,873139
5|19|0,828110|8,786504|6,648635|8,051039|10,773930|22,263609|15,261578|10,476838|10,773930
5|20|0,944419|16,225527|17,810234|19,540695|23,764991|22,844358|25,555041|20,391057|23,764991
6|1|1,633815|12,621620|9,094418|11,064277|12,543050|21,545896|23,377150|21,292644|12,543050
6|2|0,918291|9,989427|10,705083|12,161248|13,925095|22,306876|25,591073|22,156001|13,925095
6|3|0,804064|9,658263|7,365422|8,767271|10,404080|22,976985|16,742714|11,462315|10,404080
6|4|0,861231|13,850461|13,454293|15,232577|16,259862|22,930867|23,979838|19,839800|16,259862
6|5|0,885034|11,076754|6,915704|8,604926|10,732033|22,838196|17,999428|12,815430|10,732033
6|6|0,901313|13,646437|11,264796|13,180362|14,799008|22,774415|24,883587|22,151918|14,799008
6|7|0,858248|11,712090|9,197807|11,072623|13,131070|21,922851|17,069324|12,364622|13,131070
6|8|0,817247|11,292840|8,790909|10,491500|12,222619|21,901423|19,431765|14,002516|12,222619
6|9|0,832123|10,500634|7,594300|9,211957|10,626365|21,957314|18,321571|12,924550|10,626365
6|10|0,870990|10,949786|7,672277|9,359510|11,230089|22,099750|15,650925|11,428595|11,230089
6|11|0,858927|12,041643|8,967617|10,849069|12,926135|21,846429|16,336003|11,609584|12,926135
6|12|0,962832|13,373448|11,689402|13,661845|15,367392|22,615406|25,939853|22,913880|15,367392
6|13|0,859577|12,926051|9,916768|11,834526|13,557930|22,757105|22,432076|17,054365|13,557930
6|14|0,823986|11,824208|8,840189|10,617687|12,181858|22,787522|21,162510|15,897951|12,181858
6|15|0,773106|9,716314|6,699179|8,278507|9,840602|22,690903|15,928654|11,662001|9,840602
6|16|0,735100|9,326618|5,621811|6,998241|7,724755|23,002424|16,820546|12,446421|7,724755
6|17|0,900894|10,850864|6,703841|8,329550|10,008732|22,742633|19,063540|14,194048|10,008732
6|18|0,789201|11,960642|7,229687|9,066124|11,065623|22,723119|15,483031|10,892304|11,065623
6|19|0,772603|10,408169|8,499517|10,076825|11,331011|22,453688|18,576289|13,239265|11,331011
6|20|0,853357|14,453986|12,554762|14,547431|16,286242|22,929227|24,848484|22,063708|16,286242
7|1|1,399075|13,891001|12,687289|14,664341|16,649523|23,653133|20,126587|15,760809|16,649523
7|2|1,201048|10,543322|3,864221|5,009454|6,747641|24,667447|6,534915|5,844552|6,747641
7|3|0,838275|8,653905|4,859282|6,173744|7,865510|22,944162|10,440537|8,091152|7,865510
7|4|0,891654|10,478330|8,780054|10,292251|11,536875|22,205247|22,460553|17,924390|11,536875
7|5|0,829334|12,135662|11,581480|13,158871|14,534775|22,147632|25,406673|21,392872|14,534775
7|6|0,856646|11,963949|7,981243|9,715213|11,012313|22,831306|24,110629|19,684029|11,012313
7|7|0,876832|11,733276|6,801171|8,388989|9,365700|22,987132|17,334523|13,970350|9,365700
7|8|0,851446|10,290718|5,710402|7,327989|9,242211|22,123331|9,564154|7,981033|9,242211
7|9|0,889425|11,525664|5,955895|7,818045|10,008711|22,749052|11,770049|9,860739|10,008711
7|10|0,869856|13,489893|12,113802|14,047130|15,385442|22,697968|24,843120|21,673008|15,385442
7|11|0,842846|12,388936|8,646544|10,462955|12,085424|22,830043|20,047792|15,081028|12,085424
7|12|0,779946|11,615292|9,883596|11,599959|12,895361|22,043331|17,298859|13,584113|12,895361
7|13|0,829568|10,780237|7,076949|8,735508|10,100999|22,458580|17,111758|13,036238|10,100999
7|14|0,782130|9,544213|4,961338|6,344076|7,182938|22,792014|17,460903|13,270602|7,182938
7|15|0,840755|14,818723|13,300668|15,497752|18,059550|22,101399|19,857963|15,295739|18,059550
7|16|0,831662|10,520923|7,652756|9,128356|10,065734|22,942542|20,867925|16,331710|10,065734
7|17|0,823858|12,536229|11,789815|13,515813|14,302369|22,466836|26,749687|23,560807|14,302369
7|18|0,789125|10,957787|7,536701|9,215345|11,142423|22,127425|15,216151|11,010784|11,142423
7|19|0,820515|10,606557|5,529159|6,680485|7,347485|22,859425|11,353115|9,072107|7,347485
7|20|0,854565|12,340622|8,102382|9,814058|11,108472|22,701472|17,569254|13,412856|11,108472
8|1|2,018960|12,038313|10,758660|12,931149|15,256669|21,956621|14,875679|12,101810|15,256669
8|2|0,919984|9,778877|5,253921|6,402868|7,317727|23,258570|19,086612|14,478512|7,317727
8|3|0,892658|10,701021|7,702828|9,091334|10,233217|22,751660|15,987353|12,288581|10,233217
8|4|0,812817|12,455720|7,585428|9,296659|11,238475|22,718566|13,286377|9,734960|11,238475
8|5|0,846655|14,071646|12,062569|13,781023|14,777979|22,867371|21,070748|19,407274|14,777979
8|6|0,807773|10,955877|6,637133|8,094767|9,816017|22,537059|11,073554|8,213740|9,816017
8|7|0,904003|13,890749|12,184758|13,880931|15,412952|22,890553|24,805526|21,323052|15,412952
8|8|0,781786|11,107434|6,362457|7,781042|9,379966|22,899090|13,093488|9,765695|9,379966
8|9|0,986666|14,364299|3,965702|4,426169|5,483431|22,739365|11,831462|5,203095|5,483431
8|10|0,796400|12,047619|6,155793|7,564856|8,334748|22,924942|16,197091|12,281912|8,334748
8|11|0,827745|11,064480|6,925889|8,434136|10,181258|22,459169|13,571805|10,389408|10,181258
8|12|0,835747|11,701595|8,068736|9,718349|11,369685|22,510886|14,663051|11,044541|11,369685
8|13|0,802029|11,843054|7,223303|8,862862|10,578753|22,355473|13,708961|9,687563|10,578753
8|14|0,782572|11,965699|7,069936|8,695220|9,836802|22,837170|16,180162|12,060993|9,836802
8|15|0,829448|13,550207|5,067581|6,367605|7,858107|22,623626|10,772468|7,761073|7,858107
8|16|0,838615|11,486453|7,636339|9,187289|10,724586|22,896701|17,409977|12,805272|10,724586
8|17|0,893678|13,877488|6,604598|7,769213|8,886470|22,531932|15,525945|9,085120|8,886470
8|18|0,896231|11,317753|2,418864|2,557068|3,443704|22,559160|4,533074|3,389009|3,443704
8|19|0,947871|11,151518|4,548780|5,365534|6,443429|22,888433|11,320033|7,953483|6,443429
8|20|0,830914|13,328700|6,055663|7,721739|9,427997|22,559546|11,194610|8,539275|9,427997
9|1|1,618999|13,683953|12,788748|13,960482|15,731961|22,337494|17,817013|12,155649|15,731961
9|2|1,671943|11,332503|3,216047|3,437651|4,698755|23,591528|5,783979|3,643933|4,698755
9|3|0,840342|10,391988|7,989150|9,249742|10,953642|22,237225|12,057220|9,030843|10,953642
9|4|0,933640|12,175000|6,224861|7,165930|8,661224|23,211677|10,682205|6,933682|8,661224
9|5|1,068422|13,937209|10,380713|11,737995|14,063299|22,690965|13,480642|9,194380|14,063299
9|6|0,883565|12,783771|10,531080|11,465119|12,967761|22,595735|18,072827|12,825303|12,967761
9|7|0,874519|12,386484|6,753865|7,916803|10,141516|22,777538|10,403075|6,954487|10,141516
9|8|0,903105|14,769247|10,902347|12,253257|14,746677|22,364586|15,263792|10,177092|14,746677
9|9|1,027633|14,463533|8,873537|9,951674|11,613091|23,154395|14,846434|10,179118|11,613091
9|10|0,887743|11,725052|6,883305|7,942765|9,376270|22,686360|11,749317|7,732292|9,376270
9|11|0,937975|13,158921|5,809652|6,285136|7,227895|22,990084|12,346565|8,176974|7,227895
9|12|0,801909|11,888247|6,695128|7,646867|9,073202|22,789661|11,662223|8,142543|9,073202
9|13|0,785185|10,102331|6,167583|7,091241|8,146966|22,958338|12,818070|9,412537|8,146966
9|14|1,047707|16,506045|8,224203|6,748016|7,777525|22,364886|17,457427|7,802925|7,777525
9|15|0,896506|13,609479|5,594712|5,838751|7,110442|22,481201|11,188189|5,929346|7,110442
9|16|0,932118|13,647909|5,447449|4,166823|5,062747|22,050175|13,694234|4,377991|5,062747
9|17|0,907748|12,094415|3,886895|3,183329|3,947827|22,556780|10,456042|4,564420|3,947827
9|18|0,844144|13,789944|7,017934|7,508938|8,571754|22,365375|14,033683|9,274762|8,571754
9|19|0,961542|13,068558|8,092487|9,217446|10,334479|22,696086|16,330011|11,640959|10,334479
9|20|1,015675|17,903133|21,063989|22,083999|23,728769|22,606640|21,481881|19,644281|23,728769
