indicators|argument|teach error|predic error 30%|10 values|5 |1|predic error 30%|10 values|5 |1
sma|0|nie jest liczbą|nie jest liczbą|nie jest liczbą|nie jest liczbą|nie jest liczbą|nie jest liczbą|nie jest liczbą|nie jest liczbą|nie jest liczbą
sma|1|1,097700|5,496793|1,505972|1,745068|3,281635|6,600311|1,417113|1,622315|3,281635
sma|2|1,332861|6,423376|1,328382|1,488374|2,840101|6,595304|1,347673|1,484413|2,840101
sma|3|1,066755|5,337272|1,325911|1,492481|2,850661|6,609476|1,336132|1,498805|2,850661
sma|4|1,204953|5,547025|1,377143|1,575217|3,012550|6,537355|1,390271|1,570671|3,012550
sma|5|1,072703|4,592291|1,415005|1,644783|2,984336|6,504847|1,397565|1,668473|2,984336
sma|6|1,348155|6,121284|1,293121|1,455994|2,742165|6,637293|1,289429|1,459679|2,742165
sma|7|1,280842|5,676733|1,440875|1,653991|3,008257|6,495672|1,425186|1,644559|3,008257
sma|8|1,298388|6,073927|1,346182|1,510967|2,920559|6,563991|1,378927|1,518617|2,920559
sma|9|1,106913|5,600827|1,292532|1,450788|2,787619|6,623414|1,303665|1,470573|2,787619
sma|10|0,970769|6,082309|1,312654|1,476521|2,822332|6,611924|1,320649|1,467882|2,822332
sma|11|1,245035|6,334142|1,423975|1,686804|2,942979|6,529575|1,392027|1,689365|2,942979
sma|12|1,135963|5,385542|1,375767|1,614347|2,927250|6,539821|1,372344|1,637342|2,927250
sma|13|1,017055|3,876261|1,377401|1,641987|2,900874|6,586896|1,368079|1,789808|2,900874
sma|14|0,991663|4,507927|1,367931|1,611698|3,017349|6,587637|1,399022|1,804194|3,017349
sma|15|1,159567|5,685578|1,445133|1,674852|3,121914|6,536146|1,430343|1,650289|3,121914
sma|16|1,121685|5,470017|1,656316|2,132167|3,430461|6,573509|1,844661|2,661106|3,430461
sma|17|1,222307|6,629948|1,332647|1,555763|2,884415|6,617095|1,328963|1,570459|2,884415
sma|18|0,899238|3,550790|1,308548|1,483511|2,848536|6,661983|1,276638|1,549137|2,848536
sma|19|1,131772|5,874872|1,313251|1,485816|2,799659|6,602657|1,313702|1,483872|2,799659
sma|20|1,089660|5,370026|1,518982|1,860979|2,984770|6,491362|1,467179|2,000837|2,984770
sma|21|1,152873|5,168514|1,333116|1,561233|2,829097|6,553215|1,325606|1,622664|2,829097
sma|22|1,413831|6,092374|1,471678|1,818360|3,281603|6,391667|1,503398|2,048447|3,281603
sma|23|1,258411|5,590698|1,377010|1,643352|3,007031|6,485933|1,367421|1,722579|3,007031
sma|24|1,035880|5,353081|1,421047|1,710235|3,243280|6,453604|1,401535|1,836159|3,243280
sma|25|1,090310|4,279157|1,319248|1,489120|2,639919|6,598285|1,260800|1,539870|2,639919
sma|26|0,994070|3,775438|1,368082|1,556558|2,840479|6,570098|1,267014|1,656720|2,840479
sma|27|0,964606|4,219491|1,331176|1,503619|2,874169|6,518966|1,263952|1,634997|2,874169
sma|28|1,193863|4,371200|1,271666|1,323851|2,646156|6,640047|1,231283|1,445015|2,646156
sma|29|0,957141|4,446420|1,347910|1,554458|2,952738|6,616970|1,291591|1,595197|2,952738
wma|0|nie jest liczbą|nie jest liczbą|nie jest liczbą|nie jest liczbą|nie jest liczbą|nie jest liczbą|nie jest liczbą|nie jest liczbą|nie jest liczbą
wma|1|1,061253|6,220853|1,283986|1,434711|2,713286|6,646968|1,290730|1,443548|2,713286
wma|2|1,132396|3,747297|1,315112|1,507750|2,767716|6,648420|1,269639|1,553515|2,767716
wma|3|0,860258|3,643783|1,398436|1,599003|2,715556|6,955466|1,207646|1,713993|2,715556
wma|4|0,962431|3,425794|1,298667|1,470703|2,761677|6,698058|1,242280|1,567961|2,761677
wma|5|1,034714|4,775936|1,256098|1,397907|2,682710|6,692088|1,242492|1,445985|2,682710
wma|6|0,974342|4,431078|1,368821|1,598586|2,781015|6,621241|1,311328|1,585607|2,781015
wma|7|0,922670|4,252055|1,352624|1,570515|2,865415|6,663362|1,271445|1,599258|2,865415
wma|8|0,950335|3,475933|1,274966|1,420242|2,686892|6,722239|1,230368|1,509099|2,686892
wma|9|0,956785|3,508375|1,294912|1,446848|2,620182|6,754314|1,224548|1,516651|2,620182
wma|10|1,333096|5,415690|1,423279|1,638718|3,054543|6,566021|1,400110|1,525038|3,054543
wma|11|0,980944|3,936637|1,303120|1,484484|2,715217|6,659604|1,259938|1,531536|2,715217
wma|12|0,905177|3,532554|1,366441|1,587970|2,829588|6,668414|1,278385|1,610678|2,829588
wma|13|1,070270|3,521877|1,275833|1,418524|2,637551|6,733300|1,225297|1,485357|2,637551
wma|14|0,993442|3,719533|1,347246|1,555983|2,783535|6,694277|1,256758|1,595710|2,783535
wma|15|0,934254|3,872549|1,346444|1,560086|2,859665|6,621199|1,295012|1,590553|2,859665
wma|16|0,868178|3,867676|1,405276|1,615959|2,829615|6,830710|1,205886|1,713005|2,829615
wma|17|1,370570|5,549396|1,299745|1,474133|2,735891|6,630933|1,284587|1,487688|2,735891
wma|18|0,893415|4,333772|1,336651|1,524207|2,859936|6,626871|1,305975|1,556313|2,859936
wma|19|0,968064|4,387826|1,346847|1,560734|2,752427|6,632078|1,293339|1,557127|2,752427
wma|20|1,077860|4,128350|1,414495|1,670960|2,954732|6,586521|1,339027|1,634864|2,954732
wma|21|1,200751|5,078850|1,522220|1,690453|3,189215|6,562739|1,519295|1,608789|3,189215
wma|22|0,992341|4,514632|1,350137|1,560858|2,885375|6,594843|1,317972|1,570904|2,885375
wma|23|0,976834|4,183151|1,278781|1,439620|2,767142|6,654428|1,265536|1,517411|2,767142
wma|24|1,058440|3,654585|1,363827|1,580764|2,928014|6,628055|1,298517|1,641148|2,928014
wma|25|0,959254|3,374150|1,314440|1,482589|2,618003|6,722547|1,245433|1,525693|2,618003
wma|26|0,905238|3,545851|1,314237|1,498040|2,827823|6,679557|1,252566|1,618982|2,827823
wma|27|1,293801|4,227668|1,530902|1,839674|3,086374|6,636806|1,340495|1,799791|3,086374
wma|28|0,962020|3,668088|1,280925|1,432709|2,647407|6,718152|1,229758|1,511096|2,647407
wma|29|1,357116|4,575335|1,296275|1,474350|2,739711|6,653109|1,266150|1,504036|2,739711
ema|0|0,947407|4,768815|1,334143|1,523163|2,875879|6,599648|1,327248|1,522660|2,875879
ema|1|1,097881|5,974250|1,476227|1,647745|3,197937|6,553840|1,480733|1,546484|3,197937
ema|2|1,071558|4,614387|1,505227|1,778777|3,090093|6,573860|1,383620|1,697530|3,090093
ema|3|0,919515|4,364943|1,251449|1,357069|2,689817|6,810511|1,200858|1,494036|2,689817
ema|4|0,899458|3,562339|1,336717|1,533642|2,855442|6,692545|1,253043|1,622874|2,855442
ema|5|0,898539|4,165840|1,392028|1,629332|2,917365|6,655238|1,286929|1,652797|2,917365
ema|6|0,943712|4,567297|1,355996|1,567216|2,918623|6,591924|1,326114|1,583428|2,918623
ema|7|0,988430|4,765500|1,305656|1,465006|2,794619|6,628271|1,309404|1,478589|2,794619
ema|8|0,849542|3,541984|1,391796|1,615776|2,846328|6,782736|1,218285|1,709738|2,846328
ema|9|0,988324|4,443858|1,545070|1,867112|3,184833|6,546986|1,395804|1,795805|3,184833
ema|10|0,940544|3,940659|1,338183|1,535616|2,781534|6,649316|1,280889|1,550586|2,781534
ema|11|0,896093|4,272968|1,295563|1,459589|2,778635|6,699957|1,246681|1,542328|2,778635
ema|12|1,024703|4,274822|1,397020|1,642598|2,969510|6,577535|1,338751|1,615194|2,969510
ema|13|0,886629|3,610809|1,301944|1,470122|2,795301|6,724701|1,228975|1,605320|2,795301
ema|14|0,968708|4,271993|1,254637|1,383498|2,668577|6,672008|1,263034|1,437587|2,668577
ema|15|0,965131|3,889660|1,464249|1,712097|3,096719|6,593448|1,367689|1,694460|3,096719
ema|16|0,945367|3,742929|1,339685|1,500642|2,938872|6,636500|1,341787|1,511955|2,938872
ema|17|0,902532|4,563768|1,385356|1,623556|2,962047|6,587677|1,329174|1,608065|2,962047
ema|18|1,021507|4,587028|1,449266|1,703789|3,092400|6,563634|1,375181|1,667750|3,092400
ema|19|0,893700|3,366718|1,395554|1,637369|2,833598|6,665826|1,291023|1,666848|2,833598
ema|20|1,014254|4,551555|1,366758|1,590270|2,862526|6,682484|1,271353|1,583812|2,862526
ema|21|1,352652|5,615096|1,336171|1,535749|2,888240|6,598338|1,321627|1,520821|2,888240
ema|22|1,043575|5,421640|1,404807|1,591549|3,029442|6,569089|1,405462|1,574166|3,029442
ema|23|1,073815|4,959777|1,529773|1,826002|3,204878|6,539243|1,410903|1,737937|3,204878
ema|24|0,838243|3,868507|1,354531|1,554469|2,773996|6,784606|1,231256|1,610714|2,773996
ema|25|0,986191|5,148616|1,404008|1,651499|2,874302|6,595726|1,337990|1,591951|2,874302
ema|26|0,873877|3,982157|1,344177|1,555216|2,864226|6,655319|1,273887|1,631609|2,864226
ema|27|1,016769|5,002357|1,296254|1,474693|2,690937|6,639789|1,269032|1,509046|2,690937
ema|28|0,960919|4,676279|1,275578|1,429672|2,662541|6,699552|1,239042|1,481468|2,662541
ema|29|1,066427|5,440262|1,439285|1,675028|3,089613|6,547218|1,400281|1,613291|3,089613
roc|0|nie jest liczbą|nie jest liczbą|nie jest liczbą|nie jest liczbą|nie jest liczbą|nie jest liczbą|nie jest liczbą|nie jest liczbą|nie jest liczbą
roc|1|0,898800|3,701650|1,292565|1,467651|2,739479|6,687047|1,287415|1,542691|2,739479
roc|2|1,069905|4,909235|1,370394|1,431327|1,733062|7,107775|1,185484|1,564628|1,733062
roc|3|1,314956|5,357674|1,281155|1,427744|2,680129|6,655984|1,280009|1,438757|2,680129
roc|4|1,075535|4,295362|1,327948|1,180380|2,175356|6,919343|1,312326|1,181063|2,175356
roc|5|1,181345|4,955492|1,336877|1,428957|2,462731|6,796460|1,281716|1,528518|2,462731
roc|6|1,082508|4,419805|1,343340|1,569679|2,962218|6,598983|1,294465|1,525935|2,962218
roc|7|0,920521|3,691370|1,204898|1,414709|2,455950|6,840933|1,151039|1,508818|2,455950
roc|8|0,994280|4,250309|1,243783|1,584357|2,719758|6,817861|1,187651|1,709352|2,719758
roc|9|1,139774|5,040232|1,206874|1,398856|2,178648|6,868247|1,160164|1,369286|2,178648
roc|10|1,315756|5,498604|1,212476|1,255120|2,383159|6,897024|1,191882|1,211361|2,383159
roc|11|0,917753|3,555066|1,292324|1,461330|2,679458|6,688493|1,257046|1,503076|2,679458
roc|12|0,984305|4,470668|1,433861|1,620460|2,918533|7,025458|1,458748|1,711121|2,918533
roc|13|1,007896|4,146020|1,332992|1,504714|2,853938|6,816347|1,316094|1,551354|2,853938
roc|14|1,075246|4,316693|1,331055|1,446482|2,633259|6,916404|1,319832|1,457756|2,633259
roc|15|1,027890|5,152811|1,357603|1,335277|2,554679|6,960039|1,400352|1,296049|2,554679
roc|16|1,037279|4,630386|1,367717|1,105982|1,949380|7,091547|1,529556|0,960746|1,949380
roc|17|1,029239|4,292034|1,300015|1,288416|2,308338|6,882931|1,318620|1,161486|2,308338
roc|18|1,013194|4,087635|1,400591|1,083031|1,715579|6,898215|1,542737|0,968995|1,715579
roc|19|1,041339|4,352084|1,484504|1,051007|1,688784|6,914122|1,650127|1,027616|1,688784
roc|20|1,251429|6,014220|1,207707|1,066465|2,109545|6,733284|1,279414|0,992341|2,109545
roc|21|1,365716|5,548708|1,417748|0,992718|1,392689|7,053896|1,539225|1,007253|1,392689
roc|22|0,939884|3,532919|1,286082|1,058775|1,900784|7,088869|1,360819|0,938717|1,900784
roc|23|1,055979|4,781741|1,425032|0,924960|1,417472|7,181567|1,708307|0,883506|1,417472
roc|24|1,079546|5,237680|1,334744|1,013382|1,461265|7,043250|1,408664|0,976225|1,461265
roc|25|1,084995|4,192911|1,269754|0,994094|1,868049|7,142753|1,397033|0,867465|1,868049
roc|26|1,025638|4,271152|1,233916|1,262948|2,349004|6,806466|1,187225|1,189836|2,349004
roc|27|1,050915|5,131938|1,421374|0,995551|1,468256|7,031020|1,567110|0,930682|1,468256
roc|28|1,270687|5,781890|1,690858|1,101007|0,928240|7,304489|1,849698|1,130954|0,928240
roc|29|1,431185|5,703071|1,272276|1,058911|1,984242|6,898486|1,293112|1,047705|1,984242
macd|0|1,242123|5,631509|1,329631|1,499050|2,871017|6,627542|1,324899|1,499336|2,871017
macd|1|1,153571|4,146492|1,402008|1,657436|2,909553|6,591068|1,331898|1,628072|2,909553
macd|2|0,880822|3,340396|1,266893|1,385765|2,550699|6,780436|1,209867|1,472117|2,550699
macd|3|0,931559|4,030441|1,346813|1,550417|2,914766|6,633541|1,292807|1,651041|2,914766
macd|4|1,071568|4,501637|1,286936|1,453537|2,708300|6,636477|1,276202|1,484517|2,708300
macd|5|0,962679|4,227490|1,317638|1,509469|2,803406|6,673614|1,254857|1,588575|2,803406
macd|6|1,004855|4,687371|1,376548|1,605668|2,958753|6,578937|1,337264|1,588902|2,958753
macd|7|1,140927|5,354247|1,360291|1,570036|2,938526|6,584352|1,339494|1,551889|2,938526
macd|8|1,112694|5,301117|1,424970|1,638081|3,048961|6,561697|1,398599|1,604639|3,048961
macd|9|1,007553|4,866117|1,300090|1,471878|2,658421|6,673992|1,255553|1,509395|2,658421
macd|10|0,992777|5,157411|1,350782|1,567960|2,868325|6,581884|1,322281|1,557393|2,868325
macd|11|0,925587|3,571105|1,449199|1,730353|2,967719|6,641445|1,299115|1,779168|2,967719
macd|12|1,001938|4,171889|1,274681|1,423849|2,801189|6,637888|1,292230|1,501487|2,801189
macd|13|1,050916|4,433295|1,409084|1,648891|3,057494|6,569691|1,353858|1,684099|3,057494
macd|14|0,960093|4,719909|1,357151|1,574790|2,742820|6,642794|1,299935|1,553077|2,742820
macd|15|0,891175|3,706220|1,273529|1,393079|2,673904|6,868984|1,174271|1,558953|2,673904
macd|16|1,029976|5,407639|1,551120|1,775782|3,247443|6,540228|1,500476|1,703932|3,247443
macd|17|0,911072|4,490313|1,405520|1,633991|3,031665|6,635263|1,308211|1,691680|3,031665
macd|18|0,909841|3,657374|1,279099|1,428655|2,662133|6,733742|1,224144|1,504433|2,662133
macd|19|0,951945|4,507318|1,294681|1,444206|2,772443|6,726015|1,242225|1,550141|2,772443
macd|20|1,039441|5,234162|1,342084|1,555460|2,867693|6,590914|1,314305|1,554785|2,867693
macd|21|1,079519|4,820271|1,501909|1,767830|3,168863|6,540037|1,417768|1,693488|3,168863
macd|22|1,013230|5,103927|1,294681|1,446485|2,712599|6,648939|1,284505|1,470305|2,712599
macd|23|1,156214|5,536942|1,335179|1,540668|2,775209|6,632323|1,292385|1,503778|2,775209
macd|24|0,825898|3,618448|1,298227|1,466123|2,677842|6,708411|1,239815|1,530007|2,677842
macd|25|0,859826|4,462847|1,285409|1,439174|2,716460|6,733679|1,224301|1,527176|2,716460
macd|26|0,925238|4,773649|1,399811|1,644963|2,998790|6,577552|1,337262|1,640801|2,998790
macd|27|0,877859|4,143502|1,351475|1,562031|2,732596|6,655303|1,288168|1,586340|2,732596
macd|28|0,914351|4,520171|1,443334|1,677746|3,089414|6,566723|1,388083|1,665891|3,089414
macd|29|0,819417|3,747968|1,329584|1,525048|2,798078|6,694541|1,246621|1,609670|2,798078
oscil|0|0,932489|3,938643|1,311256|1,501676|2,795509|6,502540|2,018743|1,519808|2,795509
oscil|1|0,948888|3,957908|1,286521|1,445292|2,650321|6,794274|1,398320|1,518638|2,650321
oscil|2|1,349363|6,303199|1,293023|1,454689|2,739856|6,665139|1,330024|1,459357|2,739856
oscil|3|1,214237|6,267794|1,312078|1,483697|2,792471|6,415956|1,345532|1,474465|2,792471
oscil|4|0,949109|3,660428|1,317282|1,502253|2,736065|6,570324|1,701578|1,522571|2,736065
oscil|5|1,149440|5,002038|1,368551|1,601030|2,879791|6,493271|1,725386|1,519068|2,879791
oscil|6|1,072062|4,261464|1,452614|1,744773|2,779757|7,163845|1,522264|1,536840|2,779757
oscil|7|1,051195|5,009479|1,308580|1,475617|2,016654|7,041676|1,583727|1,490076|2,016654
oscil|8|0,960134|4,295288|1,270626|1,429994|2,285073|7,582687|1,345470|1,472837|2,285073
oscil|9|0,906164|3,918730|1,232614|1,268462|1,986152|15,568920|1,398687|1,315851|1,986152
oscil|10|1,038183|3,681413|1,249866|1,366522|2,479920|6,630258|1,294250|1,409985|2,479920
oscil|11|1,015170|3,493890|1,236783|1,338864|2,468473|6,810532|1,247839|1,402605|2,468473
oscil|12|1,191536|5,553655|1,332490|1,186826|1,733109|7,066734|1,318158|1,200941|1,733109
oscil|13|1,249158|5,269010|1,230390|1,327561|2,338984|6,733753|1,325863|1,353484|2,338984
oscil|14|1,099678|4,946684|1,258072|1,155166|1,861056|7,460528|1,364741|1,110014|1,861056
oscil|15|1,124116|4,917181|1,488150|1,814470|2,913383|6,944837|1,531505|1,914740|2,913383
oscil|16|0,984641|3,810135|1,395562|1,620096|2,788607|6,769760|1,477121|2,025382|2,788607
oscil|17|0,951943|3,775877|1,385904|1,584834|2,640754|7,129418|1,421038|2,184570|2,640754
oscil|18|1,045270|5,064490|1,310117|1,496289|2,824927|6,355676|1,287787|1,475923|2,824927
oscil|19|0,967143|4,607492|1,269194|1,419325|2,724236|6,275256|1,236933|1,383811|2,724236
oscil|20|1,077695|4,769435|1,359229|1,541089|2,735464|6,507095|1,338997|1,595617|2,735464
oscil|21|1,228583|4,298133|1,394938|1,587933|2,947368|6,289269|1,323933|1,643125|2,947368
oscil|22|0,979524|4,300942|1,237084|1,160560|1,722745|7,880668|1,292149|1,158992|1,722745
oscil|23|1,072426|5,130248|1,249777|1,352681|2,346981|18,042823|1,188976|1,315366|2,346981
oscil|24|0,972928|4,526880|1,308934|1,487304|2,682840|6,758732|1,244634|1,516894|2,682840
oscil|25|1,023502|4,726431|1,362272|1,578302|2,925529|6,370215|1,319602|1,554222|2,925529
oscil|26|1,126098|4,362656|1,277628|1,397046|2,635210|6,981205|1,241940|1,432208|2,635210
oscil|27|1,129684|5,765628|1,331172|1,417485|2,794345|6,604074|1,373928|1,407083|2,794345
oscil|28|0,969996|5,287835|1,266873|1,376452|2,573065|6,781331|1,273973|1,357797|2,573065
oscil|29|1,319131|4,963455|1,269946|1,333650|2,505071|6,540535|1,259263|1,265183|2,505071
