rate|momentum|alpha|teach error|predic error 30%|10 values|5 |1|predic error 30%|10 values|5 |1
0|0|2.0|86,945772|15,783593|14,113896|14,856911|16,634600|32,008213|30,371628|23,156305|16,634600
0,05|0|2.0|0,734420|2,223443|1,222380|1,196781|2,337934|10,121851|1,179399|1,353435|2,337934
0,1|0|2.0|0,778294|3,172899|1,396687|1,350161|1,922350|20,221235|1,422975|1,046430|1,922350
0,15|0|2.0|0,793407|3,092555|1,431721|1,603943|2,567567|6,806104|1,275613|1,649243|2,567567
0,2|0|2.0|0,843793|3,137699|1,358547|1,479845|2,491365|6,871986|1,246535|1,426676|2,491365
0,25|0|2.0|0,838115|4,320290|1,467135|1,714906|2,783840|6,579990|1,351629|1,788142|2,783840
0,3|0|2.0|1,007824|5,148739|1,227246|1,123275|2,094990|17,191843|1,227380|1,084785|2,094990
0,35|0|2.0|0,891091|4,519067|1,214860|1,281730|2,551203|6,095775|1,179121|1,282595|2,551203
0,4|0|2.0|1,527235|4,948685|1,229695|1,309249|2,486127|6,761245|1,224688|1,320966|2,486127
0,45|0|2.0|1,023989|5,945815|1,245450|1,333638|2,460860|11,443732|1,258081|1,415726|2,460860
0,5|0|2.0|1,297339|5,993166|1,241397|1,340705|2,562835|7,075609|1,227347|1,339228|2,562835
0,55|0|2.0|1,259476|6,115363|1,223699|1,206347|2,152179|8,018616|1,264130|1,341627|2,152179
0,6|0|2.0|1,512429|6,424674|1,267751|1,101034|1,747982|6,384857|1,315364|1,304443|1,747982
0,65|0|2.0|0,945479|4,899767|1,397565|1,550328|2,459340|9,492171|1,307097|1,346480|2,459340
0,7|0|2.0|1,591721|5,984792|1,353846|1,572907|2,756910|6,856930|1,322254|1,537985|2,756910
0,75|0|2.0|1,222288|7,116495|1,402961|1,326328|1,560114|10,666677|1,561587|1,206149|1,560114
0,8|0|2.0|1,004596|6,577776|1,230799|1,269844|2,362262|14,420437|1,203422|1,238736|2,362262
0,85|0|2.0|1,269089|6,403557|1,231241|1,232884|2,230609|8,096560|1,218068|1,215294|2,230609
0,9|0|2.0|1,259278|6,766777|1,297368|1,463418|2,782923|6,636392|1,274566|1,429394|2,782923
0,95|0|2.0|1,586912|6,123394|1,199129|1,249723|2,472963|8,348177|1,193039|1,233848|2,472963
1|0|2.0|1,511938|6,856457|1,910030|1,588484|0,581479|8,086268|1,845460|1,912024|0,581479
1,05|0|2.0|2,127267|5,574496|1,235572|1,343556|2,601620|6,876135|1,233738|1,337812|2,601620
1,1|0|2.0|0,904195|6,333221|1,296681|1,467096|2,798517|10,450585|1,265145|1,420227|2,798517
1,15|0|2.0|1,749360|5,521472|1,195516|1,072619|2,065687|8,366043|1,198237|1,066863|2,065687
1,2|0|2.0|1,930911|6,581882|1,182093|1,154058|2,277632|7,928736|1,179141|1,145750|2,277632
1,25|0|2.0|2,128596|7,229070|1,330399|1,040605|1,528728|11,327457|1,388256|1,141216|1,528728
1,3|0|2.0|1,637989|6,736078|1,205444|1,251878|2,417267|9,365590|1,214196|1,274678|2,417267
1,35|0|2.0|1,679113|7,126855|1,282481|1,435468|2,725731|8,014711|1,282495|1,436154|2,725731
1,4|0|2.0|1,650923|7,214509|1,238949|1,216597|2,072310|8,296663|1,274659|1,305534|2,072310
1,45|0|2.0|1,806934|5,596255|1,187536|1,090971|2,110107|8,407957|1,188570|1,097081|2,110107
1,5|0|2.0|1,612065|6,537267|1,253954|1,380485|2,647533|7,980153|1,254117|1,381080|2,647533
1,55|0|2.0|3,074283|6,397144|1,198277|1,230985|2,393068|8,289227|1,196750|1,232202|2,393068
1,6|0|2.0|4,507204|7,393117|1,205151|1,253051|2,424082|8,371640|1,205650|1,260228|2,424082
1,65|0|2.0|1,376540|5,720977|1,268343|1,411726|2,655824|6,829079|1,250289|1,382731|2,655824
1,7|0|2.0|1,813460|6,024312|1,181710|1,142270|2,242012|6,903350|1,181716|1,142276|2,242012
1,75|0|2.0|3,372087|7,318870|1,595244|1,292892|1,130246|13,324384|1,598977|1,097376|1,130246
1,8|0|2.0|1,618879|6,798962|1,308392|1,484335|2,836940|17,550007|1,276623|1,431340|2,836940
1,85|0|2.0|1,068457|5,846033|1,212031|1,289758|2,532496|6,559288|1,209512|1,279283|2,532496
1,9|0|2.0|1,680322|7,230853|1,276841|1,429344|2,751314|7,099541|1,210857|1,243676|2,751314
1,95|0|2.0|2,098019|6,165388|1,306094|1,477388|2,785505|13,464908|1,306074|1,477333|2,785505
2|0|2.0|1,740173|6,866762|1,235572|1,340109|2,581951|7,934278|1,236471|1,343623|2,581951
2,05|0|2.0|2,657856|7,035387|1,315767|1,493716|2,806158|8,015557|1,316028|1,494768|2,806158
2,1|0|2.0|1,711781|6,189001|1,251457|1,375282|2,639551|7,888438|1,251645|1,375722|2,639551
2,15|0|2.0|1,368398|5,760930|1,196061|1,222823|2,395805|6,870908|1,188700|1,211110|2,395805
2,2|0|2.0|2,242744|5,838504|1,238301|1,348191|2,606063|6,707871|1,238620|1,346928|2,606063
2,25|0|2.0|1,606439|5,398231|1,196328|1,059451|2,038678|6,954110|1,196636|1,057432|2,038678
2,3|0|2.0|2,484023|6,484887|1,288804|1,448819|2,822778|10,599591|1,283225|1,416613|2,822778
2,35|0|2.0|1,784072|7,555394|1,337016|1,345369|1,889038|7,666214|1,395407|1,222835|1,889038
2,4|0|2.0|8,149613|7,666942|1,204055|1,105112|2,044069|8,579623|1,223018|1,166732|2,044069
2,45|0|2.0|1,713015|5,547665|1,224045|1,306906|2,514034|8,507177|1,226898|1,319536|2,514034
0,3|0|2.0|0,867210|4,576637|1,297237|1,148685|1,912957|7,345740|1,318604|1,046770|1,912957
0,3|0,05|2.0|0,873836|3,999156|1,271175|1,125504|1,805103|5,559116|1,318599|1,172299|1,805103
0,3|0,1|2.0|0,961110|4,806548|1,259270|1,135644|1,837470|6,154284|1,317006|1,180770|1,837470
0,3|0,15|2.0|1,040578|5,431256|1,307226|1,381114|2,337731|8,936548|1,239071|1,228541|2,337731
0,3|0,2|2.0|0,815923|3,263600|1,469831|1,777604|3,106362|6,072421|1,395235|1,810716|3,106362
0,3|0,25|2.0|0,950057|3,904543|1,334502|1,540751|2,875059|13,015274|1,278296|1,522471|2,875059
0,3|0,3|2.0|1,035973|4,052725|1,336101|1,474728|2,514752|9,823067|1,238348|1,352527|2,514752
0,3|0,35|2.0|0,801135|3,675800|1,463969|1,696460|2,731461|6,950336|1,331131|1,795021|2,731461
0,3|0,4|2.0|0,826716|3,122615|1,503791|1,728675|2,622730|7,225632|1,390514|1,843533|2,622730
0,3|0,45|2.0|0,841604|3,755498|1,306752|1,088970|1,680959|15,295043|1,398636|1,087602|1,680959
0,3|0,5|2.0|0,818065|3,701752|1,397460|1,305642|1,811894|18,330320|1,464114|1,046682|1,811894
0,3|0,55|2.0|0,879430|3,731580|1,416308|1,592096|2,516930|6,875717|1,298006|1,512513|2,516930
0,3|0,6|2.0|0,829596|3,812829|1,367555|1,344272|1,886273|8,163520|1,413351|1,105628|1,886273
0,3|0,65|2.0|0,875465|3,383789|1,245104|1,296607|2,415018|6,356851|1,195680|1,315437|2,415018
0,3|0,7|2.0|0,975797|3,785624|1,278118|1,365393|2,458321|13,581148|1,205863|1,325720|2,458321
0,3|0,75|2.0|0,813284|2,758040|1,452845|1,710042|2,808618|6,728523|1,314027|1,842754|2,808618
0,3|0,8|2.0|0,768392|3,098417|1,320085|1,219161|1,903398|7,317424|1,385031|1,064047|1,903398
0,3|0,85|2.0|0,749645|2,711460|1,501305|1,733650|2,642052|7,147454|1,391299|1,795671|2,642052
0,3|0,9|2.0|0,753599|2,796015|1,418350|1,621577|2,646220|6,608721|1,288896|1,570444|2,646220
0,3|0,95|2.0|0,737537|2,708371|1,400580|1,597877|2,691336|6,892179|1,244165|1,690143|2,691336
0,3|1|2.0|145,370634|7,293725|4,015497|4,365523|5,648456|5,809114|3,526678|3,712392|5,648456
0,3|1,05|2.0|37,289522|4,614342|3,109155|3,545209|4,988500|5,208695|3,280862|3,606858|4,988500
0,3|1,1|2.0|76,633950|11,605885|5,016971|5,821893|6,886409|34,054822|31,864371|27,007589|6,886409
0,3|1,15|2.0|115,450074|7,156180|6,272784|6,634488|8,225742|5,423684|4,994840|5,408333|8,225742
0,3|1,2|2.0|134,101835|23,853047|24,266891|25,087202|26,299947|30,499485|33,792721|32,648953|26,299947
0,3|1,25|2.0|233,314927|34,442946|39,087808|39,605344|41,298957|23,057820|29,122800|30,051106|41,298957
0,3|1,3|2.0|49,718620|17,951021|22,007593|22,509631|24,224536|31,805653|31,395938|26,570326|24,224536
0,3|1,35|2.0|44,202779|14,755516|18,965971|19,440925|20,936270|13,054477|18,308146|19,010530|20,936270
0,3|1,4|2.0|53,026891|4,707136|2,099283|2,534513|4,054649|5,648373|2,113104|2,524227|4,054649
0,3|1,45|2.0|97,382033|25,114045|30,595384|31,075569|32,818488|15,464698|22,904152|25,395483|32,818488
0,3|1,5|2.0|130,585773|28,514891|35,295716|35,681612|37,494600|16,205409|23,425126|26,379102|37,494600
0,3|1,55|2.0|148,864193|23,982728|24,414814|25,071833|26,848771|34,249094|35,444654|32,599237|26,848771
0,3|1,6|2.0|58,823987|11,972390|7,385923|8,397315|9,408902|33,503717|33,848082|30,937218|9,408902
0,3|1,65|2.0|149,371573|29,854985|35,078954|35,663946|37,132264|19,187424|29,350805|31,156431|37,132264
0,3|1,7|2.0|85,313662|21,235158|24,242904|24,568924|26,809224|22,882957|22,781826|20,438803|26,809224
0,3|1,75|2.0|127,648334|28,216745|32,852613|33,360567|35,118358|25,499510|30,764693|31,574371|35,118358
0,3|1,8|2.0|207,992154|33,271445|37,735424|38,237620|40,001803|31,826500|36,950812|37,169847|40,001803
0,3|1,85|2.0|77,496266|20,485717|24,977007|25,454753|27,113196|18,354474|22,619491|23,692584|27,113196
0,3|1,9|2.0|138,694957|28,393058|32,833083|33,351789|35,099257|24,338271|30,709096|32,059683|35,099257
0,3|1,95|2.0|145,632226|28,256426|32,290516|32,823890|34,513813|27,414224|33,620910|33,786307|34,513813
0,3|2|2.0|137,065261|11,492996|16,207351|16,725980|17,547061|8,705858|14,611394|15,210342|17,547061
0,3|2,05|2.0|127,405563|24,860947|27,238523|27,789637|29,930519|29,411224|32,512837|29,794328|29,930519
0,3|2,1|2.0|71,884703|19,974251|23,694264|24,205770|25,989227|18,004318|24,817555|25,889619|25,989227
0,3|2,15|2.0|81,704412|22,220993|25,600504|26,236237|27,540795|27,709883|28,620415|28,160593|27,540795
0,3|2,2|2.0|186,740452|26,931257|34,036048|34,572183|35,524880|17,743107|24,453478|25,718941|35,524880
0,3|2,25|2.0|55,360425|17,544334|21,173302|21,679826|23,427575|30,646293|29,894164|24,456979|23,427575
0,3|2,3|2.0|226,784844|34,541602|38,958461|39,477375|41,168051|33,904421|37,674093|37,754143|41,168051
0,3|2,35|2.0|221,786682|34,499547|38,957201|39,475076|41,167953|29,354110|34,440655|35,350336|41,167953
0,3|2,4|2.0|43,628539|6,722595|9,673524|10,253019|11,802280|8,020948|10,858434|12,311623|11,802280
0,3|2,45|2.0|123,427438|15,027445|18,967229|19,525138|20,993471|13,011566|16,593720|16,364822|20,993471
0,3|0|0|43,180359|13,818399|17,685519|18,196978|19,875000|13,818399|17,685519|18,196978|19,875000
0,3|0|0,1|1,592571|2,900596|2,514778|3,008614|4,515343|4,873130|3,261907|3,575013|4,515343
0,3|0|0,2|1,205288|2,819870|2,236195|2,747423|4,229400|5,014736|2,868118|3,279288|4,229400
0,3|0|0,3|1,081398|2,801714|1,908752|2,383068|3,785162|5,333132|2,285559|2,791210|3,785162
0,3|0|0,4|0,988021|2,932636|1,502829|1,834347|3,140336|6,012109|1,479571|1,955369|3,140336
0,3|0|0,5|0,962846|2,990341|1,411592|1,676526|2,945419|6,233485|1,314614|1,718592|2,945419
0,3|0|0,6|0,916591|2,971803|1,363028|1,574358|2,795545|6,350262|1,247667|1,571059|2,795545
0,3|0|0,7|0,914336|3,061165|1,356698|1,564701|2,789182|6,354057|1,244737|1,569295|2,789182
0,3|0|0,8|0,898313|3,252700|1,364601|1,577497|2,822890|6,466849|1,248651|1,529874|2,822890
0,3|0|0,9|0,919247|3,372111|1,324204|1,502306|2,718117|6,111991|1,227702|1,460216|2,718117
0,3|0|1|0,786295|2,764634|1,319797|1,492032|2,714526|6,449866|1,209171|1,598527|2,714526
0,3|0|1,1|0,799769|3,150711|1,376061|1,606114|2,843181|6,298134|1,267208|1,628886|2,843181
0,3|0|1,2|0,898396|3,538716|1,383509|1,628760|2,935397|6,370600|1,290380|1,587300|2,935397
0,3|0|1,3|0,922749|3,198388|1,294541|1,425695|2,580454|15,614130|1,209277|1,410299|2,580454
0,3|0|1,4|0,920768|3,305489|1,338801|1,489607|2,558785|6,543194|1,234212|1,412564|2,558785
0,3|0|1,5|0,898201|3,531806|1,270434|1,349336|2,459775|6,458843|1,197888|1,324415|2,459775
0,3|0|1,6|0,948021|3,261674|1,267993|1,193769|2,143703|10,914393|1,255827|1,121110|2,143703
0,3|0|1,7|0,966054|3,363603|1,286488|1,292153|2,304001|11,450126|1,224056|1,203421|2,304001
0,3|0|1,8|0,929977|3,841142|1,346264|1,551151|2,761180|6,380791|1,267303|1,538028|2,761180
0,3|0|1,9|0,934599|4,115238|1,341373|1,543656|2,700421|6,786055|1,292020|1,572714|2,700421
0,3|0|2|1,036559|4,270984|1,232102|1,206151|2,263844|12,962718|1,197306|1,137870|2,263844
0,3|0|2,1|0,921377|4,655640|1,340915|1,357645|2,077787|18,272737|1,312743|1,123784|2,077787
0,3|0|2,2|0,957552|5,012208|1,353794|1,144253|1,594916|4,854644|1,414479|1,129326|1,594916
0,3|0|2,3|0,886148|4,715810|1,308676|0,919356|1,475666|7,086960|1,459250|1,032449|1,475666
0,3|0|2,4|0,948206|4,263288|1,445349|1,731319|3,082844|6,176447|1,386561|1,692171|3,082844
0,3|0|2,5|1,120994|5,969844|1,193019|1,132486|2,140494|6,425795|1,202002|1,157418|2,140494
0,3|0|2,6|1,037315|5,745953|1,236454|1,266993|2,285447|11,698852|1,237095|1,305551|2,285447
0,3|0|2,7|0,910570|3,762982|1,368973|1,593512|2,838857|6,376915|1,270207|1,548569|2,838857
0,3|0|2,8|0,888064|4,769972|1,481015|1,773563|3,137482|6,259228|1,370594|1,612532|3,137482
0,3|0|2,9|1,052597|6,050259|1,307669|1,477346|2,690709|15,856741|1,253088|1,416764|2,690709
0,3|0|3|0,916611|4,940392|1,572390|1,916650|3,189648|6,495832|1,538770|1,792940|3,189648
0,3|0|3,1|0,947108|5,849928|1,334753|1,530183|2,874888|17,221110|1,272706|1,444357|2,874888
0,3|0|3,2|1,341543|5,285946|1,230928|1,044992|1,913362|6,954270|1,241218|1,032039|1,913362
0,3|0|3,3|2,534705|6,160362|1,363210|1,519424|2,376830|7,206675|1,322090|1,308168|2,376830
0,3|0|3,4|1,335270|6,765355|1,203711|1,235941|2,372722|8,083805|1,216850|1,272238|2,372722
0,3|0|3,5|1,518202|6,507431|1,234324|1,337133|2,594370|7,366601|1,224283|1,320907|2,594370
0,3|0|3,6|72,669180|10,122798|3,988073|3,437333|1,580000|9,991855|3,988073|3,437333|1,580000
0,3|0|3,7|2,773002|6,441155|1,272868|1,415404|2,667859|7,157710|1,274913|1,428492|2,667859
0,3|0|3,8|68,387461|10,348568|3,988073|3,437333|1,580000|9,991855|3,988073|3,437333|1,580000
0,3|0|3,9|72,419132|10,176495|3,988073|3,437333|1,580000|9,991855|3,988073|3,437333|1,580000
0,3|0|4|72,402045|10,176495|3,988073|3,437333|1,580000|9,991855|3,988073|3,437333|1,580000
0,3|0|4,1|73,150597|9,991855|3,988073|3,437333|1,580000|9,991855|3,988073|3,437333|1,580000
0,3|0|4,2|74,257870|10,176481|3,988073|3,437333|1,580000|9,991855|3,988073|3,437333|1,580000
0,3|0|4,3|72,419139|10,176495|3,988073|3,437333|1,580000|9,991855|3,988073|3,437333|1,580000
0,3|0|4,4|69,924778|10,454421|3,988073|3,437333|1,580000|9,991855|3,988073|3,437333|1,580000
0,3|0|4,5|68,314988|10,348568|3,988073|3,437333|1,580000|9,991855|3,988073|3,437333|1,580000
0,3|0|4,6|70,461375|10,348568|3,988073|3,437333|1,580000|9,991855|3,988073|3,437333|1,580000
0,3|0|4,7|182,539130|9,929949|3,988073|3,437333|1,580000|9,991855|3,988073|3,437333|1,580000
0,3|0|4,8|73,847979|10,869168|3,988073|3,437333|1,580000|9,991855|3,988073|3,437333|1,580000
0,3|0|4,9|69,924566|10,448157|3,988073|3,437333|1,580000|9,991855|3,988073|3,437333|1,580000
