window|hide layer 1|teach error|predic error 30%|10 values|5 |1|predic error 30%|10 values|5 |1
2|1|1,095336|10,878610|13,772808|14,491877|15,536234|22,675383|28,321954|25,464960|15,536234
2|2|1,806525|7,990350|10,250747|11,001969|12,009564|21,028924|24,589651|20,725858|12,009564
2|3|0,975758|13,820120|14,786032|15,750898|16,464023|23,036480|29,918219|28,359133|16,464023
2|4|0,889982|15,753754|19,342654|20,150758|21,074751|22,985339|30,688231|29,735826|21,074751
2|5|0,922710|7,476456|7,943138|8,627916|8,871762|22,865874|27,637239|24,027152|8,871762
2|6|1,694288|22,760851|32,113412|32,648244|34,291164|22,934941|32,464093|32,957674|34,291164
2|7|1,227773|21,277397|29,548170|30,145727|31,738879|22,806546|31,941544|32,139914|31,738879
2|8|1,133582|22,867384|32,367552|32,895616|34,575872|22,845414|32,403378|32,922626|34,575872
2|9|0,869601|17,064153|22,037752|22,770719|23,769225|22,625047|30,855579|30,370503|23,769225
2|10|0,944857|15,729030|19,511064|20,371897|21,644658|22,493541|29,972667|28,873417|21,644658
2|11|0,889359|12,025343|15,618774|16,369108|17,773845|22,006017|27,754897|25,063139|17,773845
2|12|0,889126|20,677594|28,580355|29,186016|30,592171|22,793661|31,906730|32,101961|30,592171
2|13|1,064784|17,648698|22,747694|23,565274|24,963969|22,394273|30,470431|29,902907|24,963969
2|14|0,888985|14,293234|16,484487|17,386103|18,170305|22,312386|29,597968|28,415333|18,170305
2|15|0,976015|16,739500|20,706821|21,584470|22,675365|22,334199|30,281426|29,657236|22,675365
2|16|1,132814|16,587502|20,373494|21,277659|22,436795|22,284952|30,122778|29,419431|22,436795
2|17|1,366033|16,968219|21,507518|22,348854|23,667546|22,361371|30,269406|29,569488|23,667546
2|18|0,910954|20,347028|27,793416|28,456910|29,904119|22,597687|31,562547|31,678431|29,904119
2|19|0,900382|19,114342|25,745563|26,454013|27,900209|22,480611|31,086891|30,922195|27,900209
2|20|2,283131|22,400128|31,668435|32,207427|33,835818|22,613787|32,102129|32,591155|33,835818
3|1|1,231346|9,942333|8,501673|9,354115|9,312958|22,409001|28,341779|26,168814|9,312958
3|2|0,727393|9,397419|7,761408|8,616943|9,016837|22,576344|25,770328|21,008477|9,016837
3|3|1,563573|22,085705|31,060616|31,618084|33,247185|22,711913|32,030139|32,362257|33,247185
3|4|0,957541|12,731402|11,625750|12,648608|13,209169|22,982238|28,275996|25,226747|13,209169
3|5|0,897398|13,884106|14,429912|15,476729|16,753442|23,041784|27,431328|23,277773|16,753442
3|6|1,147083|23,325795|32,570558|33,169683|34,948029|22,651317|31,466421|31,363822|34,948029
3|7|0,997604|18,113463|22,832100|23,697536|24,952111|22,834104|30,413863|29,301110|24,952111
3|8|1,283102|21,919783|30,729290|31,296535|32,897755|22,840427|32,134980|32,438495|32,897755
3|9|0,920171|15,775794|17,974064|19,057796|20,767433|22,851830|28,014108|24,491011|20,767433
3|10|1,176435|18,213404|23,905677|24,649348|25,988453|22,713400|30,678032|29,872290|25,988453
3|11|1,198307|19,855228|26,299854|27,064651|28,481913|22,833245|31,308784|30,987015|28,481913
3|12|1,131089|15,408612|17,258592|18,330137|19,640215|22,608385|28,473139|25,817115|19,640215
3|13|1,105197|18,049395|23,359720|24,216103|25,933738|22,404243|29,419201|27,811364|25,933738
3|14|1,005488|13,830513|14,739753|15,756813|16,719571|22,436944|28,403178|25,939059|16,719571
3|15|1,942795|22,718831|32,236316|32,759161|34,444635|22,736241|32,280953|32,792357|34,444635
3|16|1,476334|16,525758|20,349102|21,257186|22,468346|22,158298|29,593208|28,460660|22,468346
3|17|0,888704|13,259809|15,336604|16,234774|17,374649|22,469002|28,243658|25,555550|17,374649
3|18|1,904998|17,928546|23,695129|24,444470|25,845967|22,138278|29,666700|28,528161|25,845967
3|19|1,119978|16,863085|21,721009|22,521637|23,854809|22,202992|29,805829|28,754220|23,854809
3|20|2,129916|20,622985|28,474473|29,110251|30,679443|22,382057|31,177796|31,116985|30,679443
4|1|1,393326|9,105726|3,698844|4,775153|4,258103|23,316391|16,127635|11,617060|4,258103
4|2|1,113891|11,989977|7,250294|8,668623|8,071232|23,002201|24,071881|19,066192|8,071232
4|3|0,825918|9,098271|6,673402|7,631330|8,040756|23,355413|22,560355|16,031901|8,040756
4|4|1,044240|21,826856|30,326399|30,955646|32,506307|23,021912|31,856869|31,822607|32,506307
4|5|0,855875|10,848207|11,229215|12,436631|13,083372|22,852873|22,992520|17,129165|13,083372
4|6|0,830379|11,149089|9,810568|11,016164|11,505573|22,573057|24,394218|18,453616|11,505573
4|7|1,177151|22,998586|32,231208|32,818043|34,460582|22,952190|32,186528|32,473916|34,460582
4|8|0,972654|9,628582|7,219496|8,298568|8,983459|22,693436|22,965032|15,988333|8,983459
4|9|0,978135|16,345542|18,801233|20,115114|20,901241|22,804249|26,762489|23,188272|20,901241
4|10|1,314623|18,043050|20,640277|22,243370|22,666236|22,789796|25,519341|22,307180|22,666236
4|11|2,424732|22,195387|31,324324|31,895052|33,547596|22,571271|31,675690|31,880909|33,547596
4|12|1,386138|21,727224|30,328657|30,918929|32,485104|22,784347|31,940032|32,149248|32,485104
4|13|1,032410|17,478214|21,739343|22,870048|23,834817|22,401429|27,621981|24,976699|23,834817
4|14|0,972115|17,840485|22,523314|23,512880|24,519869|22,641222|29,782242|28,539691|24,519869
4|15|1,191196|18,459599|23,809745|24,831073|25,964581|22,284970|28,927019|27,347209|25,964581
4|16|1,836878|19,595098|25,905139|26,812111|28,107553|22,315708|30,233736|29,644525|28,107553
4|17|1,001901|17,611247|20,667498|22,128729|23,030261|22,991551|25,012089|21,840256|23,030261
4|18|1,240779|12,744544|17,142154|17,746448|18,978988|22,080430|30,660694|30,187084|18,978988
4|19|0,912706|14,727657|16,619840|17,897948|18,699298|22,287986|26,523955|22,543970|18,699298
4|20|1,852462|19,206198|25,429399|26,307985|27,663636|22,315935|29,711580|28,623127|27,663636
5|1|1,381399|6,741638|2,582977|3,490215|5,527737|22,447138|3,527744|5,243530|5,527737
5|2|0,779065|11,823989|13,306893|14,586357|16,580880|21,584605|24,823313|21,662620|16,580880
5|3|1,034989|8,238459|6,266713|7,359168|8,994912|22,232394|18,815163|12,273547|8,994912
5|4|1,097894|16,108863|15,980925|18,038662|22,894248|23,355349|23,708768|18,526430|22,894248
5|5|1,180864|18,892022|24,260694|25,249006|26,639942|22,867172|32,454288|33,256876|26,639942
5|6|1,016115|19,275448|24,447059|25,753023|28,294938|22,940543|28,779966|26,777050|28,294938
5|7|1,252310|21,086084|28,395128|29,395123|31,541080|22,781879|30,480686|30,018505|31,541080
5|8|1,057852|12,604727|11,213418|12,874511|15,105772|22,570455|25,493663|20,320676|15,105772
5|9|1,044665|16,846519|18,396429|20,295383|23,714664|23,078544|25,077617|20,674556|23,714664
5|10|0,964869|14,192429|15,226854|16,606112|18,182861|22,660583|28,646442|26,286603|18,182861
5|11|0,908455|15,488825|17,460318|18,988276|21,344116|22,473151|27,074361|23,762449|21,344116
5|12|0,949530|16,505568|18,804483|20,322326|22,673669|22,522706|27,140031|24,412755|22,673669
5|13|0,942967|17,242975|20,948327|22,369889|24,648018|22,268984|27,207448|24,374297|24,648018
5|14|1,130854|18,263066|23,094802|24,293568|26,296754|22,399652|28,716030|27,106420|26,296754
5|15|1,900726|21,693851|30,305674|30,980614|32,791988|22,446206|31,287846|31,372246|32,791988
5|16|1,239446|18,261887|22,187892|23,780156|26,342243|22,391483|27,370850|25,010089|26,342243
5|17|1,310312|19,849404|26,492549|27,451523|29,214291|22,289989|30,095393|29,557539|29,214291
5|18|1,739740|16,551502|19,087139|20,684678|23,379465|22,274146|25,708393|22,160655|23,379465
5|19|0,913075|16,926410|20,743891|22,015177|24,009284|22,483437|30,508316|29,809148|24,009284
5|20|1,102215|15,719421|18,679097|19,919530|21,711503|21,911456|27,810205|25,930201|21,711503
6|1|1,683523|13,064473|9,790645|11,795621|14,373298|23,507762|20,340737|15,946520|14,373298
6|2|1,044836|9,166900|6,088129|7,098645|8,644301|23,118684|19,953977|13,262493|8,644301
6|3|0,968345|13,502646|12,252129|13,885169|15,579285|23,096875|24,648218|20,696291|15,579285
6|4|0,916509|15,840142|15,418655|17,619754|20,531797|22,973179|23,485971|18,376343|20,531797
6|5|1,040303|18,348602|21,949759|23,590816|26,002199|23,022071|28,957602|27,634012|26,002199
6|6|1,071056|20,269971|26,350480|27,619652|29,818545|22,963508|29,001333|27,537251|29,818545
6|7|1,072211|18,370770|21,835803|23,565026|26,166783|22,798221|28,082130|25,837769|26,166783
6|8|1,043459|18,583008|22,858882|24,418416|26,881263|22,813685|27,368121|24,999684|26,881263
6|9|0,971850|17,794872|20,012897|21,912489|24,486448|22,933178|26,742366|24,223101|24,486448
6|10|1,153013|14,447389|10,222607|12,605310|15,629878|23,032058|17,552463|13,463556|15,629878
6|11|1,165587|13,223925|8,899230|11,212407|15,193479|22,645053|12,113064|10,017041|15,193479
6|12|1,254895|20,806685|27,068694|28,546876|30,820155|23,029256|27,365507|24,495942|30,820155
6|13|1,014289|15,330435|15,073609|17,152558|19,586541|22,514553|25,364393|21,472833|19,586541
6|14|0,872620|16,593457|18,852468|20,508220|22,836449|22,489427|29,321757|27,709544|22,836449
6|15|1,076367|12,868609|9,110667|11,318325|14,350957|22,463009|14,151472|10,643841|14,350957
6|16|0,929560|19,915877|26,533610|27,608402|29,532412|22,329707|29,824279|28,541112|29,532412
6|17|1,080905|14,982201|16,075935|17,895398|20,258465|22,157861|25,691639|22,060818|20,258465
6|18|0,967520|8,915926|5,861070|7,407291|9,931994|21,888498|10,739131|8,610070|9,931994
6|19|1,234561|14,489343|15,561974|17,434006|19,857960|22,326118|25,162994|20,041629|19,857960
6|20|0,869292|17,778360|21,435129|23,149537|25,476147|22,175715|25,700436|22,753561|25,476147
7|1|9,771327|21,285426|30,670262|31,195591|32,894776|21,303327|26,421286|23,418517|32,894776
7|2|1,529890|14,309645|14,653350|16,080902|17,108879|22,750752|28,003318|25,252231|17,108879
7|3|0,934346|12,618288|10,180682|12,124402|14,312896|22,317946|20,310671|14,965635|14,312896
7|4|0,920124|14,336494|13,111896|15,154235|17,191996|22,715830|25,271757|22,611201|17,191996
7|5|1,082839|10,094248|7,537863|9,124229|10,905649|22,051171|15,620941|11,592848|10,905649
7|6|1,052737|18,781782|21,745159|23,686382|25,889446|22,924213|28,249384|27,277830|25,889446
7|7|1,138885|19,011228|23,096828|24,862483|26,910692|22,939967|25,246769|21,904281|26,910692
7|8|0,937184|15,171795|13,904035|16,321294|19,107311|22,723271|20,984061|17,103537|19,107311
7|9|1,132816|18,640891|21,703365|23,782422|26,236777|22,481289|26,304648|23,376423|26,236777
7|10|1,045248|16,353852|13,681129|16,832002|19,711056|22,745519|12,961477|12,650669|19,711056
7|11|1,074636|20,852249|28,194400|29,143620|30,959245|22,593225|30,748210|30,155553|30,959245
7|12|1,072513|17,981947|20,475902|22,637456|24,780733|22,442219|24,799503|21,821892|24,780733
7|13|1,078396|13,596329|11,105745|13,385263|15,440746|22,541693|19,464016|15,835500|15,440746
7|14|1,206710|17,131870|15,299649|18,174031|20,779503|22,746531|18,578309|14,347863|20,779503
7|15|1,257967|15,016457|16,980638|18,435490|19,534643|22,242018|26,811926|24,810424|19,534643
7|16|0,921695|18,182753|22,406296|23,932227|26,103705|22,497575|26,697709|24,696617|26,103705
7|17|1,116922|16,451977|19,076787|20,894863|22,974900|22,200878|28,391475|25,614214|22,974900
7|18|1,265205|13,979207|12,869649|14,946149|16,619651|22,315647|25,242051|20,731173|16,619651
7|19|0,959835|16,137075|14,456774|16,972001|19,375442|22,909370|20,284720|16,365865|19,375442
7|20|1,193122|16,839257|22,538584|23,458649|24,914744|22,165169|31,657406|30,233643|24,914744
8|1|2,708386|8,288651|5,654080|3,997020|3,183089|22,205188|11,985671|7,690174|3,183089
8|2|1,628096|13,073498|5,756907|7,551728|9,457007|22,374986|13,249806|10,121803|9,457007
8|3|1,390882|13,271528|4,700368|2,076062|4,470634|23,104093|6,228478|1,978295|4,470634
8|4|0,855417|12,484210|8,307741|10,104875|12,372486|21,826133|16,054740|11,476240|12,372486
8|5|0,967916|15,591700|14,460182|16,624472|18,947286|22,256516|22,419775|20,248006|18,947286
8|6|1,028842|17,047282|18,443622|20,372479|21,629446|22,626822|26,962717|24,518016|21,629446
8|7|1,229807|21,446646|28,364588|29,614354|31,496731|22,833870|29,385730|28,939234|31,496731
8|8|1,237350|14,232806|10,217767|12,652909|14,648247|22,570067|18,690328|14,977931|14,648247
8|9|0,917692|18,221038|21,511179|23,029473|24,394548|22,828287|27,800681|27,278933|24,394548
8|10|1,010338|17,387981|18,158341|20,332303|22,421818|22,929517|22,429401|19,129577|22,421818
8|11|1,208753|20,789265|27,729815|28,778440|30,346054|22,555646|30,006413|30,007021|30,346054
8|12|1,419817|21,284709|28,243597|29,402482|31,062070|22,674928|29,761479|30,106940|31,062070
8|13|1,083900|16,349371|16,651445|18,803968|20,816753|22,566664|23,702916|21,353089|20,816753
8|14|1,390352|16,031914|17,044849|19,084465|21,273583|22,410366|24,852708|21,321980|21,273583
8|15|1,055852|16,963125|15,916259|18,644946|21,234701|22,688813|20,085559|16,238254|21,234701
8|16|0,981510|16,131370|15,662081|18,036350|20,343058|22,601368|21,444927|18,408306|20,343058
8|17|0,986008|17,729567|20,361967|22,287674|23,975178|22,420945|26,313372|24,659319|23,975178
8|18|1,483043|14,626349|14,657551|16,730458|18,708038|22,610053|18,777589|16,177545|18,708038
8|19|0,956266|18,119339|22,419048|23,839894|25,636441|22,242487|30,657006|28,748918|25,636441
8|20|1,207562|14,423533|12,456360|14,528613|16,438742|22,753547|19,698489|18,062222|16,438742
9|1|2,353974|9,960864|4,423662|2,110721|0,042188|25,212563|5,928079|2,273329|0,042188
9|2|1,278562|21,156219|28,489583|29,394550|31,197915|22,718262|28,633151|27,711503|31,197915
9|3|0,893629|12,669391|7,930149|9,225500|11,094782|22,590133|12,409958|8,814812|11,094782
9|4|1,198608|21,759678|29,281513|30,186735|31,849045|23,000807|31,279673|30,938688|31,849045
9|5|1,091819|17,808635|19,957111|21,322585|23,161174|21,794004|21,774461|19,003751|23,161174
9|6|1,009213|21,512157|29,411074|30,157461|31,881940|22,864347|30,859432|30,756544|31,881940
9|7|1,137497|14,012982|8,555612|10,214125|12,358250|22,088336|11,815210|7,519230|12,358250
9|8|1,135911|15,382169|8,257861|9,269190|10,677256|22,853085|11,072202|5,945447|10,677256
9|9|1,035197|19,610853|24,964480|26,016590|27,686649|22,712476|27,618135|27,404158|27,686649
9|10|1,381149|21,019782|28,599817|29,494993|31,192027|22,550965|30,700723|30,667515|31,192027
9|11|1,432511|21,222737|29,626027|30,446016|32,183130|22,582544|33,263317|32,618375|32,183130
9|12|1,102629|20,317342|24,496806|25,865479|27,904787|22,940498|21,633274|20,883431|27,904787
9|13|1,133714|18,298202|15,579890|17,812264|20,745367|22,521991|16,867080|10,845235|20,745367
9|14|1,161671|15,209583|16,449584|18,032588|19,606458|22,297179|26,660840|24,697076|19,606458
9|15|1,393943|10,857625|4,359636|6,013069|7,515481|22,356327|7,285905|8,736514|7,515481
9|16|0,962105|15,597205|14,916158|17,015913|19,010210|22,330161|22,321014|17,940401|19,010210
9|17|1,319851|19,276107|26,143111|27,238817|29,023584|22,407959|31,882127|30,659108|29,023584
9|18|1,299491|17,372915|19,841079|21,741450|23,218058|22,219983|30,932600|28,598577|23,218058
9|19|1,246951|15,014765|4,679183|4,689520|6,997516|22,220953|5,653621|3,032331|6,997516
9|20|1,056243|17,250633|9,004974|8,906435|10,105800|22,406298|13,382367|5,841151|10,105800
