rate|momentum|alpha|teach error|predic error 30%|10 values|5 |1|predic error 30%|10 values|5 |1
0|0|2.0|196,140769|31,081520|34,512828|35,052284|36,733625|29,390690|35,265600|35,921351|36,733625
0,05|0|2.0|0,922568|4,084476|1,381471|1,610806|2,895586|6,368416|1,267688|1,506149|2,895586
0,1|0|2.0|0,884943|4,452811|1,484099|1,770569|2,871143|6,645276|1,412375|1,604694|2,871143
0,15|0|2.0|0,872997|3,702016|1,330456|1,391584|2,360497|9,929138|1,246059|1,392622|2,360497
0,2|0|2.0|1,037809|4,127589|1,296817|1,252460|2,079498|4,824243|1,282610|1,102647|2,079498
0,25|0|2.0|1,092774|4,972173|1,273540|1,243878|2,071915|7,150188|1,271672|1,156339|2,071915
0,3|0|2.0|1,094411|5,953246|1,232291|1,239857|2,219754|16,997976|1,233584|1,262781|2,219754
0,35|0|2.0|1,268809|3,347274|1,250866|1,015617|1,876828|8,161876|1,317869|0,955116|1,876828
0,4|0|2.0|1,218730|5,831000|1,274299|1,277761|2,209838|7,067588|1,232786|1,161902|2,209838
0,45|0|2.0|1,542977|5,816746|1,407921|1,639810|3,042631|8,026535|1,256486|1,455179|3,042631
0,5|0|2.0|0,944402|5,259106|1,296366|1,419544|2,505214|14,592630|1,227339|1,322942|2,505214
0,55|0|2.0|1,280316|5,827205|1,363793|1,554387|2,511504|8,003291|1,315425|1,420879|2,511504
0,6|0|2.0|2,087508|6,084958|1,213390|1,149545|2,115310|6,936050|1,214896|1,166343|2,115310
0,65|0|2.0|0,965247|6,037053|1,284443|1,356177|2,316835|15,066153|1,241553|1,244447|2,316835
0,7|0|2.0|1,153842|6,224697|1,277261|1,165959|1,937553|6,452663|1,279289|1,097911|1,937553
0,75|0|2.0|1,032371|6,230626|1,263118|1,401255|2,663982|6,542348|1,228281|1,341611|2,663982
0,8|0|2.0|1,534328|6,178216|1,238686|1,256365|2,296673|6,650635|1,203831|1,177165|2,296673
0,85|0|2.0|0,981538|5,491938|1,220540|1,297047|2,535253|7,340689|1,192673|1,255762|2,535253
0,9|0|2.0|0,947431|5,183119|1,198405|1,051851|2,085724|6,756144|1,190168|1,010512|2,085724
0,95|0|2.0|0,921239|4,909439|1,312269|1,496505|2,801434|6,466560|1,285584|1,470428|2,801434
1|0|2.0|0,930555|4,778950|1,343525|1,559103|2,862496|6,404890|1,278420|1,502811|2,862496
1,05|0|2.0|2,046139|5,759119|1,196504|1,168387|2,231429|6,549010|1,208692|1,204416|2,231429
1,1|0|2.0|1,582135|6,613561|1,199844|1,218936|2,341440|7,740443|1,204768|1,239702|2,341440
1,15|0|2.0|0,990019|5,517565|1,257418|1,164529|1,975968|8,580034|1,268678|1,100483|1,975968
1,2|0|2.0|1,996260|6,703184|1,323928|1,498803|2,940469|6,239583|1,203780|1,303926|2,940469
1,25|0|2.0|1,835955|5,213664|1,180597|1,118148|2,202045|8,096002|1,179319|1,112615|2,202045
1,3|0|2.0|2,229503|6,499432|1,182849|1,182426|2,351308|7,209143|1,179019|1,169806|2,351308
1,35|0|2.0|1,516215|6,309782|1,181062|1,148535|2,277665|8,277822|1,177825|1,136681|2,277665
1,4|0|2.0|1,811018|5,857928|1,203829|1,244161|2,423945|8,276597|1,192166|1,229186|2,423945
1,45|0|2.0|3,696182|7,618778|1,225142|1,090812|1,915262|9,042326|1,260747|1,200533|1,915262
1,5|0|2.0|1,549182|6,523863|1,218492|1,297745|2,508946|6,792431|1,213896|1,291963|2,508946
1,55|0|2.0|2,205290|6,514901|1,240996|1,344084|2,571640|6,902458|1,241648|1,356642|2,571640
1,6|0|2.0|3,176524|6,622576|1,217236|1,251595|2,342045|8,078573|1,240795|1,325954|2,342045
1,65|0|2.0|1,484348|6,513078|1,195748|1,229120|2,417433|7,001452|1,187937|1,215534|2,417433
1,7|0|2.0|1,776624|6,212360|1,256383|1,385857|2,657474|8,013108|1,255481|1,384054|2,657474
1,75|0|2.0|1,796628|6,531400|1,327219|1,075705|1,557487|4,649008|1,375580|1,187815|1,557487
1,8|0|2.0|1,185675|6,546963|1,186912|1,114136|2,216886|7,774245|1,167681|1,072504|2,216886
1,85|0|2.0|5,362076|7,058036|1,243778|1,363144|2,666498|9,366770|1,238605|1,344033|2,666498
1,9|0|2.0|1,800914|6,106395|1,185092|1,142150|2,254045|16,731450|1,166930|1,111333|2,254045
1,95|0|2.0|2,437363|6,882797|1,183630|1,148140|2,246544|7,056147|1,183243|1,148134|2,246544
2|0|2.0|0,891651|4,309513|1,234824|1,302685|2,515158|6,248365|1,172793|1,213262|2,515158
2,05|0|2.0|1,707043|6,381271|1,181729|1,107984|2,175311|17,531027|1,181530|1,104591|2,175311
2,1|0|2.0|0,949756|5,277476|1,238003|1,269025|2,335076|15,282640|1,202418|1,195832|2,335076
2,15|0|2.0|0,958009|4,415674|1,239506|1,325345|2,546735|6,614080|1,182223|1,253794|2,546735
2,2|0|2.0|4,479825|6,074074|1,248056|1,368416|2,629635|6,755621|1,248706|1,370001|2,629635
2,25|0|2.0|0,942636|6,141827|1,233168|1,332941|2,584770|18,378417|1,206318|1,293634|2,584770
2,3|0|2.0|3,296825|7,143712|1,243538|1,078965|1,876069|9,021994|1,275503|1,089847|1,876069
2,35|0|2.0|1,929210|6,656831|1,305086|1,480031|2,951714|6,519380|1,238575|1,342924|2,951714
2,4|0|2.0|1,770141|6,534881|1,232299|1,330755|2,556891|8,316988|1,235946|1,342218|2,556891
2,45|0|2.0|1,338152|6,144102|1,203549|1,106325|2,074915|7,411094|1,207883|1,111504|2,074915
0,3|0|2.0|1,039006|6,044560|1,369300|1,595894|2,914520|6,486985|1,335667|1,543748|2,914520
0,3|0,05|2.0|1,103501|4,683155|1,272739|1,323975|2,318921|6,965060|1,226020|1,248452|2,318921
0,3|0,1|2.0|1,198544|5,758875|1,300950|1,418089|2,413197|6,427880|1,250011|1,287452|2,413197
0,3|0,15|2.0|1,138670|5,095659|1,287442|1,213669|1,979889|7,154134|1,302782|1,110567|1,979889
0,3|0,2|2.0|1,257980|7,069349|1,311363|1,485773|2,793283|6,551148|1,300703|1,465528|2,793283
0,3|0,25|2.0|1,068863|4,402178|1,240984|1,310839|2,459381|6,828351|1,199394|1,291168|2,459381
0,3|0,3|2.0|1,060800|4,605835|1,239543|1,268492|2,319434|12,186448|1,212618|1,247667|2,319434
0,3|0,35|2.0|1,137826|5,559530|1,316389|1,499098|2,818292|6,468964|1,315384|1,504489|2,818292
0,3|0,4|2.0|1,101153|5,106848|1,306713|1,488425|2,803677|6,459694|1,291528|1,473730|2,803677
0,3|0,45|2.0|1,112113|5,233137|1,224667|1,046316|1,913639|18,709396|1,275261|1,095019|1,913639
0,3|0,5|2.0|1,049307|4,510592|1,320391|1,482828|2,595186|14,733821|1,246482|1,400463|2,595186
0,3|0,55|2.0|1,097185|4,803559|1,326564|1,482771|2,526589|6,687656|1,259108|1,379716|2,526589
0,3|0,6|2.0|1,059603|4,528601|1,413186|1,678205|3,078520|6,325727|1,366953|1,651773|3,078520
0,3|0,65|2.0|0,909631|3,668675|1,286369|1,391509|2,541841|16,898821|1,192193|1,342318|2,541841
0,3|0,7|2.0|1,152939|4,792290|1,301199|1,416620|2,472292|8,594588|1,227896|1,302188|2,472292
0,3|0,75|2.0|0,990309|4,976567|1,328428|1,529334|2,837136|6,376062|1,274582|1,483180|2,837136
0,3|0,8|2.0|0,907785|3,186708|1,393472|1,619975|2,762353|6,576071|1,275938|1,663941|2,762353
0,3|0,85|2.0|0,878820|4,040170|1,443589|1,718290|2,940249|6,308108|1,342357|1,642611|2,940249
0,3|0,9|2.0|0,821063|2,908148|1,331335|1,465664|2,572006|6,553313|1,208821|1,402706|2,572006
0,3|0,95|2.0|0,910558|2,369050|1,351392|1,491448|2,567357|7,626165|1,204990|1,618790|2,567357
0,3|1|2.0|122,076148|29,569198|35,894288|36,364618|38,052188|22,893000|28,998981|30,669505|38,052188
0,3|1,05|2.0|17,518132|10,860606|13,996567|14,529878|16,158756|32,632011|24,764287|18,278514|16,158756
0,3|1,1|2.0|52,586778|12,428160|15,918411|16,329179|18,216676|9,671421|14,208264|14,402840|18,216676
0,3|1,15|2.0|215,104006|33,508544|37,576162|38,125175|39,843224|27,230146|33,015713|34,124760|39,843224
0,3|1,2|2.0|34,719277|4,605651|5,720959|6,238583|7,797488|6,705579|6,474368|7,039493|7,797488
0,3|1,25|2.0|47,077529|16,375288|19,328435|19,785180|21,761411|24,329065|23,659728|20,224727|21,761411
0,3|1,3|2.0|134,915133|27,796616|32,171609|32,696687|34,335871|24,533764|28,727304|29,622326|34,335871
0,3|1,35|2.0|154,828348|29,527847|33,963200|34,473663|36,153246|30,365991|34,078540|34,263307|36,153246
0,3|1,4|2.0|144,198450|5,849395|1,703490|2,051631|2,865016|5,644440|2,180594|2,956096|2,865016
0,3|1,45|2.0|41,887708|8,725561|6,579938|7,274387|8,390052|33,865877|27,006257|15,588571|8,390052
0,3|1,5|2.0|153,779320|29,044282|33,207743|33,724768|35,463411|24,863655|30,181449|31,232327|35,463411
0,3|1,55|2.0|228,101790|34,453820|38,914335|39,426982|41,148157|34,079332|37,439155|36,346506|41,148157
0,3|1,6|2.0|206,317436|33,080474|37,487958|38,004078|39,698511|30,440720|35,962710|36,607231|39,698511
0,3|1,65|2.0|176,941632|8,976050|2,631228|2,082047|0,237090|8,972214|2,549743|2,047985|0,237090
0,3|1,7|2.0|31,991052|4,234316|5,063713|5,530067|7,326783|4,912557|4,839721|5,080257|7,326783
0,3|1,75|2.0|60,271861|11,815371|6,889305|7,934055|9,020545|33,569637|31,636535|26,534069|9,020545
0,3|1,8|2.0|86,782145|18,028323|20,078179|20,478401|22,509223|27,416991|23,149289|18,623850|22,509223
0,3|1,85|2.0|28,220764|4,650359|6,817940|7,379735|8,698329|6,066564|8,277448|8,548099|8,698329
0,3|1,9|2.0|77,766065|18,247472|23,824695|24,193022|26,069600|12,021441|17,519280|19,546888|26,069600
0,3|1,95|2.0|205,664103|32,573573|36,566834|37,064604|38,778023|28,191057|31,255222|33,419585|38,778023
0,3|2|2.0|9,561186|4,027434|4,665370|5,322164|6,320744|12,501951|8,933054|7,696005|6,320744
0,3|2,05|2.0|164,737370|29,835587|33,727111|34,292081|35,872258|33,148348|36,786945|37,428495|35,872258
0,3|2,1|2.0|40,688410|12,765200|16,381153|17,026424|18,200483|14,241529|23,192621|25,329741|18,200483
0,3|2,15|2.0|170,138596|8,564508|2,676995|2,109146|0,159950|9,359663|2,883423|2,296530|0,159950
0,3|2,2|2.0|83,108239|14,392280|16,989373|17,542700|19,611483|22,588456|17,595189|16,961174|19,611483
0,3|2,25|2.0|125,996255|25,812017|29,630646|30,179344|31,973598|23,912127|26,647229|30,041429|31,973598
0,3|2,3|2.0|222,556565|34,397415|38,846152|39,363869|41,054978|28,005347|33,577846|34,168835|41,054978
0,3|2,35|2.0|175,651622|30,867429|34,927454|35,477239|37,198015|31,467141|35,225076|35,632395|37,198015
0,3|2,4|2.0|15,867428|4,290413|2,301066|2,690461|4,198227|5,837093|2,297015|2,688765|4,198227
0,3|2,45|2.0|34,909586|14,328952|16,811699|17,928829|16,809930|21,011143|25,150431|26,603002|16,809930
0,3|0|0|43,180359|13,818399|17,685519|18,196978|19,875000|13,818399|17,685519|18,196978|19,875000
0,3|0|0,1|39,767607|13,164600|16,872382|17,398434|19,057567|13,926612|17,454014|17,823774|19,057567
0,3|0|0,2|1,759417|3,007285|2,446335|2,923758|4,445687|4,915840|3,012506|3,344905|4,445687
0,3|0|0,3|1,352390|2,719984|2,256753|2,744509|4,201318|5,423617|3,083277|3,440097|4,201318
0,3|0|0,4|1,115436|2,685048|1,812207|2,250228|3,643467|5,795480|2,244145|2,756381|3,643467
0,3|0|0,5|1,062787|2,750252|1,581788|1,949077|3,315801|5,981997|1,759784|2,276302|3,315801
0,3|0|0,6|0,963430|2,943082|1,384207|1,630257|2,873827|6,453559|1,306323|1,714987|2,873827
0,3|0|0,7|0,958038|2,988721|1,378769|1,617661|2,861978|6,277377|1,288743|1,667644|2,861978
0,3|0|0,8|0,914903|3,218455|1,357266|1,573439|2,817014|6,366199|1,256908|1,568756|2,817014
0,3|0|0,9|0,918168|3,178843|1,359266|1,570395|2,794872|6,386203|1,250795|1,560040|2,794872
0,3|0|1|0,906237|3,324675|1,314928|1,477134|2,637531|6,701360|1,229061|1,469500|2,637531
0,3|0|1,1|0,913114|3,507359|1,329973|1,531014|2,818524|6,501843|1,244168|1,523735|2,818524
0,3|0|1,2|0,937413|3,572704|1,344486|1,557646|2,848456|6,341970|1,256600|1,525843|2,848456
0,3|0|1,3|0,867485|3,633767|1,341720|1,560201|2,884144|6,474855|1,268510|1,565647|2,884144
0,3|0|1,4|0,914991|3,937486|1,453218|1,743740|3,061949|6,245069|1,366091|1,673335|3,061949
0,3|0|1,5|0,982070|5,045692|1,311831|1,495055|2,741032|6,433040|1,276841|1,470187|2,741032
0,3|0|1,6|1,008690|4,250953|1,251817|1,320153|2,419158|13,893155|1,207882|1,289242|2,419158
0,3|0|1,7|1,010390|4,594251|1,360903|1,587205|2,867636|6,385425|1,310074|1,547510|2,867636
0,3|0|1,8|1,011019|4,672334|1,333822|1,527824|2,690930|6,509696|1,281548|1,477058|2,690930
0,3|0|1,9|0,990846|4,839148|1,291485|1,391918|2,520689|9,275849|1,203381|1,293670|2,520689
0,3|0|2|1,078970|5,234199|1,236329|1,085039|1,968320|12,845570|1,266406|1,057989|1,968320
0,3|0|2,1|1,071511|5,304998|1,260060|1,359753|2,474248|16,679800|1,227827|1,330412|2,474248
0,3|0|2,2|1,007177|4,789407|1,335840|1,373637|2,196644|7,075343|1,293932|1,174339|2,196644
0,3|0|2,3|1,233473|6,624800|1,228668|1,152741|2,061623|7,934193|1,222701|1,158548|2,061623
0,3|0|2,4|1,191161|6,411000|1,316590|1,496100|2,839472|6,312084|1,306578|1,473573|2,839472
0,3|0|2,5|1,034935|5,210637|1,337940|1,472513|2,444543|6,909026|1,265746|1,311972|2,444543
0,3|0|2,6|1,099110|5,434103|1,255200|1,370337|2,644052|6,154051|1,203806|1,311194|2,644052
0,3|0|2,7|1,359626|5,822521|1,301376|1,352450|2,205403|7,366154|1,267938|1,203155|2,205403
0,3|0|2,8|1,288204|6,662667|1,316158|1,494209|2,797076|6,674334|1,318953|1,501174|2,797076
0,3|0|2,9|1,217674|6,421892|1,299914|1,467951|2,717648|10,876371|1,288743|1,464610|2,717648
0,3|0|3|1,092685|5,712906|1,222298|1,190051|2,252234|6,356395|1,190557|1,117439|2,252234
0,3|0|3,1|3,442025|5,644226|1,326645|1,503450|2,613944|7,111786|1,269346|1,414098|2,613944
0,3|0|3,2|1,092014|6,922056|1,215718|1,233926|2,302654|15,534411|1,216619|1,261522|2,302654
0,3|0|3,3|1,600327|6,397312|1,341645|1,547396|2,937553|6,395286|1,277735|1,428975|2,937553
0,3|0|3,4|1,829875|6,050856|1,234768|1,329770|2,523545|8,509176|1,241672|1,353934|2,523545
0,3|0|3,5|5,050321|7,430953|1,216000|1,266560|2,386787|8,948971|1,223747|1,300081|2,386787
0,3|0|3,6|14,423309|7,011990|1,239623|1,350322|2,603724|6,973100|1,239623|1,350322|2,603724
0,3|0|3,7|68,387020|10,348568|3,988073|3,437333|1,580000|9,991855|3,988073|3,437333|1,580000
0,3|0|3,8|72,669199|9,991853|3,988073|3,437333|1,580000|9,991855|3,988073|3,437333|1,580000
0,3|0|3,9|68,662442|10,348568|3,988073|3,437333|1,580000|9,991855|3,988073|3,437333|1,580000
0,3|0|4|77,168839|11,212145|3,988073|3,437333|1,580000|9,991855|3,988073|3,437333|1,580000
0,3|0|4,1|70,264091|10,383737|3,988073|3,437333|1,580000|9,991855|3,988073|3,437333|1,580000
0,3|0|4,2|70,704707|10,176495|3,988073|3,437333|1,580000|9,991855|3,988073|3,437333|1,580000
0,3|0|4,3|230,144056|34,679855|39,118849|39,636836|41,329999|29,079365|32,666573|35,765851|41,329999
0,3|0|4,4|73,847918|11,212145|3,988073|3,437333|1,580000|9,991855|3,988073|3,437333|1,580000
0,3|0|4,5|73,150601|9,991855|3,988073|3,437333|1,580000|9,991855|3,988073|3,437333|1,580000
0,3|0|4,6|186,257816|9,991853|3,988073|3,437333|1,580000|9,991855|3,988073|3,437333|1,580000
0,3|0|4,7|78,939898|11,212145|3,988073|3,437333|1,580000|9,991855|3,988073|3,437333|1,580000
0,3|0|4,8|69,924779|10,383739|3,988073|3,437333|1,580000|9,991855|3,988073|3,437333|1,580000
0,3|0|4,9|75,200037|9,991855|3,988073|3,437333|1,580000|9,991855|3,988073|3,437333|1,580000
