rate|momentum|alpha|teach error|predic error 30%|10 values|5 |1|predic error 30%|10 values|5 |1
0|0|2.0|479,197907|62,323799|48,240724|47,639722|46,178037|46,465412|31,538086|34,255463|46,178037
0,05|0|2.0|1,423077|3,222841|1,452025|1,757617|2,810288|26,795392|1,883909|3,066914|2,810288
0,1|0|2.0|1,809727|7,132011|4,261952|5,062606|5,949032|13,897474|12,152531|10,600057|5,949032
0,15|0|2.0|1,565044|3,933816|2,404907|2,970539|4,083658|19,199399|6,307007|6,350655|4,083658
0,2|0|2.0|1,867264|7,647654|2,907869|3,646727|4,171612|19,477035|10,883730|9,543676|4,171612
0,25|0|2.0|1,624802|5,210907|3,218331|3,892120|4,249427|21,166227|12,415042|12,408415|4,249427
0,3|0|2.0|1,662466|7,632113|3,434514|4,264550|4,354108|16,977905|13,597678|13,474375|4,354108
0,35|0|2.0|1,723372|8,570229|2,387730|3,084365|2,961717|17,100603|12,052038|12,238218|2,961717
0,4|0|2.0|1,769114|6,944603|6,423371|7,115260|7,930919|14,161228|14,409666|15,281047|7,930919
0,45|0|2.0|1,872581|10,780574|13,612072|14,212874|15,565461|12,211831|15,884862|16,678377|15,565461
0,5|0|2.0|1,964019|12,445589|15,674581|16,204750|17,731552|12,457735|15,821871|16,480527|17,731552
0,55|0|2.0|1,835837|12,691615|14,792388|15,404968|16,694061|12,015337|15,761281|17,146825|16,694061
0,6|0|2.0|2,027127|11,908210|14,056562|14,645141|16,029841|12,352821|15,396433|15,786163|16,029841
0,65|0|2.0|1,956245|12,636374|15,250181|15,791112|17,262802|12,847720|15,619679|16,621349|17,262802
0,7|0|2.0|1,957712|8,959827|10,352812|10,880005|12,967176|10,187134|11,875567|11,310673|12,967176
0,75|0|2.0|2,099518|11,046124|11,466755|12,139622|13,282007|12,401678|14,880957|15,602477|13,282007
0,8|0|2.0|1,824184|10,654396|8,010660|8,867107|9,464498|14,800139|14,494478|15,852114|9,464498
0,85|0|2.0|2,083632|6,130328|5,518435|6,132742|7,385467|11,908280|10,476743|9,684389|7,385467
0,9|0|2.0|2,397543|11,753067|15,200716|15,739318|17,332936|12,467457|15,779502|16,160321|17,332936
0,95|0|2.0|1,778868|9,620398|4,452340|5,400338|5,138035|16,091622|14,095356|14,077727|5,138035
1|0|2.0|2,521037|12,441543|13,897919|14,542139|15,737209|12,533031|15,534254|16,675512|15,737209
1,05|0|2.0|1,973114|10,024332|10,028761|10,754892|11,978444|15,355740|14,830171|15,462742|11,978444
1,1|0|2.0|1,653834|8,467752|4,712685|5,611278|5,979889|14,772861|13,671793|13,397357|5,979889
1,15|0|2.0|1,978687|8,917494|10,014834|10,733245|11,866695|11,729070|13,778425|12,812692|11,866695
1,2|0|2.0|2,300358|12,822517|15,062623|15,634817|17,066067|12,122796|15,577171|16,858730|17,066067
1,25|0|2.0|2,387067|11,640776|15,091445|15,613985|17,289567|12,144666|15,859539|16,356185|17,289567
1,3|0|2.0|1,731223|8,760320|5,761275|6,572387|7,441747|15,698939|13,653969|13,191248|7,441747
1,35|0|2.0|1,848317|10,137061|13,201184|13,666352|15,651967|10,819732|13,234620|12,958806|15,651967
1,4|0|2.0|2,459931|12,201983|16,472971|16,966555|18,705291|11,235389|15,969164|16,230167|18,705291
1,45|0|2.0|1,739041|9,319397|9,255160|9,893716|11,277780|13,366220|13,433154|13,128339|11,277780
1,5|0|2.0|2,146820|11,024738|14,133225|14,553099|16,795227|15,200534|13,567989|13,681790|16,795227
1,55|0|2.0|2,244999|11,472836|10,511794|11,336541|11,968092|13,284674|15,849912|16,925105|11,968092
1,6|0|2.0|1,835465|11,999917|14,196153|14,748123|16,253062|12,815360|14,963986|15,429949|16,253062
1,65|0|2.0|1,891037|11,207878|14,694619|15,159513|17,097779|10,823043|14,232041|14,262651|17,097779
1,7|0|2.0|1,930621|8,895924|5,415199|6,308169|6,869146|16,052575|14,140766|16,211779|6,869146
1,75|0|2.0|2,096018|11,094763|11,381235|12,090404|13,285181|12,881687|15,455265|16,406815|13,285181
1,8|0|2.0|2,264613|12,207320|16,340313|16,849925|18,528770|12,155100|16,300653|16,784955|18,528770
1,85|0|2.0|1,937610|11,885505|13,937750|14,525599|15,969700|12,702365|15,369917|15,888437|15,969700
1,9|0|2.0|1,979318|11,699634|15,334120|15,812917|17,622835|11,328131|14,771120|14,830517|17,622835
1,95|0|2.0|2,043564|11,136992|13,558652|14,156338|15,547709|12,453763|15,563605|15,935668|15,547709
2|0|2.0|1,824637|8,401084|6,615807|7,506493|7,966881|12,381627|14,068034|13,519056|7,966881
2,05|0|2.0|1,893965|9,020204|5,528119|6,403525|6,744344|12,196416|13,797359|13,355111|6,744344
2,1|0|2.0|2,240151|10,511971|12,773648|13,322502|14,889806|12,676462|13,933594|13,871562|14,889806
2,15|0|2.0|2,099343|10,565089|13,657090|14,202887|15,846695|13,113398|14,311949|13,908989|15,846695
2,2|0|2.0|1,904478|12,267652|15,058576|15,604844|17,106039|12,730653|15,505450|16,050600|17,106039
2,25|0|2.0|2,595013|12,386744|14,292276|14,924802|16,133735|12,278635|15,710327|17,278163|16,133735
2,3|0|2.0|2,057175|10,246402|13,600513|14,128727|15,926618|12,039967|13,562616|13,922048|15,926618
2,35|0|2.0|1,857430|6,189401|4,997323|5,643961|7,096655|11,621531|8,649672|7,610712|7,096655
2,4|0|2.0|2,073410|11,056621|14,014676|14,554637|16,210753|11,941754|14,754960|15,117323|16,210753
2,45|0|2.0|2,524522|11,774203|13,083148|13,756444|14,875110|12,476586|15,573486|16,162240|14,875110
0,3|0|2.0|1,805501|8,499204|3,559765|4,371838|4,774007|21,065159|13,106070|12,097416|4,774007
0,3|0,05|2.0|1,812269|6,770706|1,729392|2,024795|1,924097|12,245290|2,043057|7,002704|1,924097
0,3|0,1|2.0|1,763272|4,080325|2,375221|1,638379|0,855065|11,878900|5,421744|2,008935|0,855065
0,3|0,15|2.0|1,660616|8,948146|6,563782|7,366473|8,001174|16,028036|14,807169|14,228801|8,001174
0,3|0,2|2.0|1,574121|6,325297|4,735308|5,457347|6,555784|45,472656|13,660632|12,042239|6,555784
0,3|0,25|2.0|1,567125|6,612888|1,655955|0,947589|0,977997|42,087172|4,371993|1,027330|0,977997
0,3|0,3|2.0|1,585673|6,691140|5,309881|6,052583|6,774959|22,109964|13,819655|12,170518|6,774959
0,3|0,35|2.0|1,574164|4,836877|5,697684|6,383141|7,533052|15,238023|12,899730|12,141933|7,533052
0,3|0,4|2.0|1,531319|4,272290|3,074598|3,752935|4,714891|17,004871|9,869767|8,930238|4,714891
0,3|0,45|2.0|1,696551|4,257411|2,945871|1,572912|1,255674|27,231887|10,321874|3,367309|1,255674
0,3|0,5|2.0|1,738476|8,573846|3,368098|2,080884|1,551023|22,818197|5,642287|3,934101|1,551023
0,3|0,55|2.0|1,523620|4,081434|1,884260|1,064221|0,610752|21,755623|4,353992|1,195962|0,610752
0,3|0,6|2.0|1,820507|6,595885|4,268969|5,008678|6,195193|16,292691|11,182013|9,525531|6,195193
0,3|0,65|2.0|1,579372|6,114446|2,986788|3,686159|4,466461|23,661731|11,051635|10,040935|4,466461
0,3|0,7|2.0|1,459061|3,626065|1,887297|1,171003|0,886055|21,722637|4,111627|1,228971|0,886055
0,3|0,75|2.0|1,503892|4,172593|3,325460|2,270471|0,981645|24,932498|7,317928|4,186172|0,981645
0,3|0,8|2.0|1,508113|3,448204|1,430374|1,257091|1,585855|18,376457|1,894525|1,318608|1,585855
0,3|0,85|2.0|1,442649|2,769388|2,115017|2,670012|3,905782|22,276315|4,585929|4,683797|3,905782
0,3|0,9|2.0|1,377313|2,439940|1,312294|1,258302|2,224799|24,825744|1,480326|1,557201|2,224799
0,3|0,95|2.0|1,366282|2,270769|1,330500|1,372223|2,374253|25,577640|1,297984|1,825171|2,374253
0,3|1|2.0|121,773837|8,935347|11,616136|12,066796|14,521012|34,516947|13,190265|11,790204|14,521012
0,3|1,05|2.0|894,465864|16,771291|24,125812|24,386186|26,558653|12,010704|18,100521|19,143041|26,558653
0,3|1,1|2.0|653,654019|56,178759|26,951235|26,716757|24,806815|44,603021|28,193428|24,997195|24,806815
0,3|1,15|2.0|361,084356|62,206320|52,608043|51,770157|50,569068|78,141687|59,376959|58,528402|50,569068
0,3|1,2|2.0|184,458879|47,519035|29,677072|29,028897|27,751787|36,233452|22,602384|27,285295|27,751787
0,3|1,25|2.0|262,378486|10,091030|11,155931|11,996339|12,715602|12,340222|17,028706|16,207475|12,715602
0,3|1,3|2.0|66,847702|15,007756|20,435203|20,792698|23,677150|18,932667|26,889292|27,103378|23,677150
0,3|1,35|2.0|103,587477|15,601216|5,808651|6,360489|9,397529|57,223922|34,334370|39,848319|9,397529
0,3|1,4|2.0|385,745844|67,345202|55,366853|54,697220|53,365922|52,338978|42,165591|43,552858|53,365922
0,3|1,45|2.0|370,716787|19,028483|27,591547|28,090568|30,000110|19,199674|29,420197|27,594953|30,000110
0,3|1,5|2.0|296,731363|45,892274|24,792709|25,103267|21,292892|36,644709|20,866626|23,953487|21,292892
0,3|1,55|2.0|302,452572|57,465721|39,748779|39,137651|37,434578|52,686546|34,013744|38,473973|37,434578
0,3|1,6|2.0|238,222710|54,316677|40,958174|40,342260|39,023440|51,801051|31,308933|32,875069|39,023440
0,3|1,65|2.0|423,885299|52,316575|20,997132|21,752644|16,834228|29,845468|19,832112|23,582435|16,834228
0,3|1,7|2.0|847,733078|21,075154|31,391458|32,145649|33,059099|26,962430|33,800281|34,924214|33,059099
0,3|1,75|2.0|857,445657|22,810536|33,395064|33,842450|35,752388|19,270941|30,645123|30,322486|35,752388
0,3|1,8|2.0|575,259496|29,243481|2,986250|2,568384|1,056190|18,380653|5,047651|6,937502|1,056190
0,3|1,85|2.0|152,819214|48,302881|36,568797|35,946374|34,365583|56,703171|35,034502|34,618009|34,365583
0,3|1,9|2.0|407,592452|40,793030|23,394475|23,758842|19,775483|37,968459|26,385182|28,946718|19,775483
0,3|1,95|2.0|26,581038|7,214616|4,932978|4,684205|0,754946|49,233684|21,019880|18,049481|0,754946
0,3|2|2.0|1071,606207|25,733936|36,875193|37,328921|39,093854|16,871428|26,500903|27,596330|39,093854
0,3|2,05|2.0|196,950560|49,277280|32,767199|31,804141|31,673397|50,474996|20,630121|25,154801|31,673397
0,3|2,1|2.0|377,952894|26,709834|11,807449|11,362159|9,369803|24,687183|9,889948|9,608954|9,369803
0,3|2,15|2.0|48,096068|16,486278|20,026885|20,313282|23,494488|20,757428|24,760670|18,293913|23,494488
0,3|2,2|2.0|442,377686|74,196800|60,051511|59,661771|57,615119|63,079797|51,280770|52,597758|57,615119
0,3|2,25|2.0|374,368734|69,677755|63,786688|63,091344|61,895423|67,163213|31,836326|45,087642|61,895423
0,3|2,3|2.0|457,901399|12,778962|13,599178|14,135081|15,660651|12,703891|13,589878|14,352745|15,660651
0,3|2,35|2.0|190,275352|50,410851|41,119415|39,735297|41,010418|75,667438|40,255431|41,532136|41,010418
0,3|2,4|2.0|62,608958|29,344995|19,012630|18,150220|17,163199|61,775436|35,562096|26,478473|17,163199
0,3|2,45|2.0|444,397719|16,987109|2,422249|2,782489|4,108013|16,189347|2,375638|2,762799|4,108013
0,3|0|0|149,656572|32,848208|17,049995|16,516830|14,780000|32,848208|17,049995|16,516830|14,780000
0,3|0|0,1|2,935425|3,896660|3,155316|3,884064|5,350599|11,259418|7,635269|6,332259|5,350599
0,3|0|0,2|2,574414|4,061591|2,130537|2,743165|4,022691|17,798779|4,860009|4,704648|4,022691
0,3|0|0,3|2,134460|4,382575|1,788540|2,297100|3,527892|46,293111|3,256042|3,743617|3,527892
0,3|0|0,4|1,910588|4,412243|2,035579|2,610714|3,943418|18,508948|4,066168|4,141816|3,943418
0,3|0|0,5|1,846039|4,260772|2,081885|2,674350|3,997254|16,306334|4,270601|4,275227|3,997254
0,3|0|0,6|1,810059|4,602599|2,339628|2,967515|4,330966|12,387223|5,124458|4,808708|4,330966
0,3|0|0,7|1,782130|4,960722|3,212969|3,908986|5,319466|12,122482|7,538664|6,449785|5,319466
0,3|0|0,8|1,796466|5,320822|3,284996|3,991495|5,339095|11,985983|8,262703|7,030344|5,339095
0,3|0|0,9|1,760144|5,124439|2,791183|3,471113|4,779340|15,443045|7,440522|6,390945|4,779340
0,3|0|1|1,770555|5,112628|2,767264|3,457305|4,704127|16,858933|7,593069|6,546931|4,704127
0,3|0|1,1|1,416263|2,925294|1,710694|2,168161|3,386345|19,015795|3,001163|3,589837|3,386345
0,3|0|1,2|1,726357|5,476622|2,244721|2,883248|3,940974|17,167343|7,212502|6,380918|3,940974
0,3|0|1,3|1,763749|6,487934|2,022090|2,627117|3,452176|23,061872|7,656297|6,919643|3,452176
0,3|0|1,4|1,458354|4,219677|2,093405|2,667588|3,635669|17,721244|6,627626|6,622582|3,635669
0,3|0|1,5|1,588007|4,948028|2,576862|3,153334|4,167630|19,323624|10,033101|10,243848|4,167630
0,3|0|1,6|1,533527|5,269206|1,953609|2,500865|3,126365|19,381768|7,165721|7,306424|3,126365
0,3|0|1,7|1,536786|4,338754|2,295654|2,885171|3,709174|18,082931|7,786212|7,524334|3,709174
0,3|0|1,8|1,774072|7,599204|2,523528|1,487067|0,037259|23,635573|4,632321|2,136307|0,037259
0,3|0|1,9|1,850899|7,600494|6,235942|6,954032|8,234194|11,849521|12,669809|11,207671|8,234194
0,3|0|2|1,739976|7,506948|9,214296|9,935247|10,922056|14,889142|14,640261|14,709015|10,922056
0,3|0|2,1|1,849273|8,286798|4,545126|5,448576|5,610293|17,547708|13,290796|12,292186|5,610293
0,3|0|2,2|1,735707|7,693902|11,110582|11,664684|12,954101|13,405548|15,050036|16,286032|12,954101
0,3|0|2,3|1,807065|6,148151|5,410625|6,108332|6,606558|14,938251|13,410609|13,259978|6,606558
0,3|0|2,4|1,899724|12,033841|15,146379|15,702424|17,231563|12,271218|16,034866|16,691831|17,231563
0,3|0|2,5|2,028934|12,471834|14,878309|15,427785|16,837394|12,509465|15,557565|16,726026|16,837394
0,3|0|2,6|2,006150|12,083015|14,329989|14,931555|16,255597|12,371504|15,635969|16,473503|16,255597
0,3|0|2,7|2,212594|11,644732|13,494606|14,069715|15,409807|12,461152|15,258438|16,632563|15,409807
0,3|0|2,8|1,892261|12,044648|14,978867|15,561126|16,922099|12,166556|15,463049|15,962845|16,922099
0,3|0|2,9|1,842448|11,687026|13,952092|14,459530|16,118751|12,803060|14,396436|14,746481|16,118751
0,3|0|3|2,195801|12,096148|13,568230|14,152878|15,595820|12,257709|15,007711|16,050295|15,595820
0,3|0|3,1|2,136592|11,968394|14,757555|15,267691|17,008678|11,963810|15,488246|16,616738|17,008678
0,3|0|3,2|2,410002|10,339283|8,609452|9,259186|10,252025|14,775113|12,574831|12,679656|10,252025
0,3|0|3,3|2,261900|13,024587|15,597715|16,117096|17,560928|12,988442|15,385573|16,420592|17,560928
0,3|0|3,4|2,230794|11,678744|12,858280|13,495299|14,768714|29,918042|14,884244|14,676376|14,768714
0,3|0|3,5|2,287211|12,218514|13,909846|14,491183|15,738966|12,442911|14,902512|15,976689|15,738966
0,3|0|3,6|2,119010|12,127529|15,956885|16,458161|18,170144|18,195815|15,308403|15,359626|18,170144
0,3|0|3,7|367,793889|28,142009|39,118850|39,636837|41,330000|28,142009|39,118850|39,636837|41,330000
0,3|0|3,8|2,470706|12,118375|15,124036|15,654790|17,230849|12,097546|15,268924|15,691425|17,230849
0,3|0|3,9|373,013934|28,142009|39,118850|39,636837|41,330000|28,142009|39,118850|39,636837|41,330000
0,3|0|4|374,713769|28,142009|39,118850|39,636837|41,330000|28,142009|39,118850|39,636837|41,330000
0,3|0|4,1|369,515940|28,142009|39,118850|39,636837|41,330000|28,142009|39,118850|39,636837|41,330000
0,3|0|4,2|391,125965|29,686463|39,118850|39,636837|41,330000|28,142009|39,118850|39,636837|41,330000
0,3|0|4,3|379,265884|28,203357|39,118850|39,636837|41,330000|28,142009|39,118850|39,636837|41,330000
0,3|0|4,4|408,407458|32,899347|39,118850|39,636837|41,330000|28,142009|39,118850|39,636837|41,330000
0,3|0|4,5|368,324263|28,142009|39,118850|39,636837|41,330000|28,142009|39,118850|39,636837|41,330000
0,3|0|4,6|721,241777|87,536855|73,128547|72,603007|70,890000|87,536855|73,128547|72,603007|70,890000
0,3|0|4,7|383,893159|28,203357|39,118850|39,636837|41,330000|28,142009|39,118850|39,636837|41,330000
0,3|0|4,8|382,847543|28,203357|39,118850|39,636837|41,330000|28,142009|39,118850|39,636837|41,330000
0,3|0|4,9|373,106561|28,142009|39,118850|39,636837|41,330000|28,142009|39,118850|39,636837|41,330000
