window|hide layer|teach error|predic error 30%|10 values|5 |1|predic error 30%|10 values|5 |1
2|1|2,022423|8,239248|9,819087|10,423285|11,763756|11,974509|14,296059|14,143306|11,763756
2|2|1,840107|4,979085|5,421523|5,993494|6,720291|11,893320|12,536604|11,507450|6,720291
2|3|1,770470|5,457815|6,377919|6,933032|7,513499|11,988398|13,790993|13,109540|7,513499
2|4|1,555579|4,791924|6,818734|7,337603|8,030805|11,938164|13,900494|13,662769|8,030805
2|5|1,478094|4,559246|6,504141|7,028086|7,734516|11,930722|13,750155|13,407590|7,734516
2|6|1,696287|4,814975|5,070345|5,649428|6,255912|11,910081|12,660685|11,592442|6,255912
2|7|1,515499|5,864079|7,856690|8,374344|9,015047|12,035322|14,932600|15,077117|9,015047
2|8|1,854802|8,237601|10,596372|11,104429|11,968442|12,121005|15,514882|15,721097|11,968442
2|9|1,508492|4,171825|6,034450|6,550332|7,235194|11,881429|12,859481|12,348122|7,235194
2|10|1,663333|6,777419|9,937295|10,441736|11,370685|12,066983|15,251004|15,491566|11,370685
2|11|1,673622|5,084395|5,387478|5,960555|6,394860|11,966787|13,644571|12,896338|6,394860
2|12|1,679147|5,694573|5,807084|6,376229|6,841396|11,941261|13,610794|13,012307|6,841396
2|13|1,620199|4,774715|4,495669|5,074812|5,465976|11,911222|12,709680|11,588179|5,465976
2|14|1,676403|5,465469|5,784064|6,345958|6,767367|12,019756|13,918447|13,137852|6,767367
2|15|1,671020|4,467476|4,313747|4,874493|5,206646|11,874093|12,338228|11,258447|5,206646
3|1|1,988222|7,603642|9,408568|9,974115|10,812164|12,180412|16,073246|17,021958|10,812164
3|2|1,622519|5,598401|6,430095|6,998467|7,640454|12,008555|14,229562|13,761914|7,640454
3|3|1,755863|6,362685|7,448197|8,001840|8,502864|12,112089|15,174930|15,145106|8,502864
3|4|1,506240|4,771896|6,511644|7,058562|7,724836|12,134654|16,790886|16,749805|7,724836
3|5|1,504663|4,555865|6,515697|7,050873|7,795518|12,042509|15,835983|15,520572|7,795518
3|6|1,500834|4,811600|6,866659|7,405372|8,167142|12,112834|16,767884|16,631169|8,167142
3|7|1,544170|6,791885|8,975048|9,512392|10,223804|12,239571|17,070640|19,272051|10,223804
3|8|1,522589|4,953203|6,435794|6,991273|7,623449|12,105741|16,098015|16,222436|7,623449
3|9|1,511435|4,197510|5,979825|6,516873|7,241974|11,948957|14,306730|13,915740|7,241974
3|10|1,521430|5,338345|7,901090|8,437002|9,266765|12,201525|17,752309|18,464512|9,266765
3|11|1,655933|4,950507|5,156426|5,742121|6,124299|12,034246|14,455172|13,799673|6,124299
3|12|1,569026|3,302799|1,920775|2,343012|2,589812|12,812934|4,958974|5,234306|2,589812
3|13|1,674047|5,209315|6,032116|6,594024|6,989941|12,092131|15,030919|14,739415|6,989941
3|14|1,531133|5,102989|7,062762|7,609821|8,303106|12,204772|17,573444|18,051893|8,303106
3|15|1,512942|4,152678|5,999961|6,534345|7,333384|11,939506|13,911337|13,530687|7,333384
4|1|2,030877|9,652861|11,590307|12,139517|13,406320|12,012294|15,412602|16,285013|13,406320
4|2|1,666756|5,245248|5,646277|6,137471|6,444146|12,188073|16,063925|15,552415|6,444146
4|3|1,494933|4,344406|6,506938|6,933624|7,861772|12,000769|16,178073|15,195883|7,861772
4|4|1,528852|5,400528|7,683012|8,356525|8,900991|12,475457|18,672135|18,897521|8,900991
4|5|1,503855|4,585557|6,427001|6,863679|7,718712|12,139996|18,293923|16,794786|7,718712
4|6|1,518706|5,197831|7,282763|7,735618|8,633227|12,196395|19,430330|18,795991|8,633227
4|7|1,739457|7,202529|8,870167|9,342670|10,071416|12,175798|16,661237|18,159032|10,071416
4|8|1,771525|5,908515|7,154245|7,610731|8,314612|12,052799|15,205349|15,057220|8,314612
4|9|1,622321|4,314462|4,030723|4,515555|5,115856|11,843379|10,835968|10,014815|5,115856
4|10|1,488111|5,228370|7,488267|7,924161|8,848148|12,236100|18,787550|18,494346|8,848148
4|11|1,592312|5,050346|7,958503|8,390534|9,395453|12,082343|17,348040|16,854901|9,395453
4|12|1,763325|6,199134|7,530768|8,000561|8,714177|12,102501|15,596180|15,541207|8,714177
4|13|1,729981|4,851755|5,213573|5,683531|6,206395|11,954274|14,076752|13,210117|6,206395
4|14|1,639241|4,931589|5,153262|5,644845|6,060446|12,081997|15,039979|13,875309|6,060446
4|15|1,530948|5,163741|6,834722|7,287108|8,028296|12,228836|18,706779|18,329460|8,028296
5|1|2,236915|10,252104|15,683377|15,845401|15,975114|12,515668|20,729342|23,307649|15,975114
5|2|1,511023|4,767364|6,959750|7,310882|7,496189|12,099338|18,247460|16,453887|7,496189
5|3|1,516433|5,200118|7,320940|7,671464|7,836380|12,196329|19,909809|18,228899|7,836380
5|4|1,566703|4,324208|6,783676|7,592473|8,676599|12,219130|21,990469|18,151690|8,676599
5|5|1,548439|5,114986|7,396442|7,755422|8,010711|12,114617|18,995494|17,260680|8,010711
5|6|1,526298|4,192887|6,013984|6,369426|6,593553|12,005203|16,690799|14,650047|6,593553
5|7|1,543307|5,721086|7,916568|8,277703|8,551534|12,197435|19,732651|18,692084|8,551534
5|8|1,500789|4,896226|7,282135|7,606796|7,692557|12,167207|19,310852|17,540048|7,692557
5|9|1,549256|5,253257|6,805687|7,203853|7,503047|12,153884|18,200367|16,493432|7,503047
5|10|1,511066|4,403299|6,419855|6,769682|6,966164|12,040792|17,215727|15,425111|6,966164
5|11|1,556792|5,561078|7,574630|7,942734|8,219056|12,193664|19,910929|18,646367|8,219056
5|12|1,530634|5,373739|7,672970|8,034049|8,277356|12,230816|20,880542|19,148805|8,277356
5|13|1,537195|5,022383|7,285596|7,629105|7,723365|12,205456|19,288410|17,999780|7,723365
5|14|1,630396|5,220274|5,600065|6,108827|6,468188|12,003760|14,690301|13,381805|6,468188
5|15|1,533989|4,602871|7,119837|7,425583|7,620966|12,012741|16,868026|15,683679|7,620966
6|1|2,316974|10,680752|13,635941|14,216862|15,817290|12,125043|16,025012|15,990533|15,817290
6|2|1,521740|5,610733|7,851440|8,213184|8,998923|12,111888|18,660024|16,499338|8,998923
6|3|1,556122|4,379183|6,396781|6,751907|7,522536|12,077068|16,296462|13,977309|7,522536
6|4|1,538696|4,684225|5,813673|6,227630|7,122400|12,030475|15,527843|12,931698|7,122400
6|5|1,522887|4,467646|6,696552|6,989554|7,523898|12,101318|16,694208|15,321597|7,523898
6|6|1,519585|4,856051|7,556293|7,853658|8,497863|12,084790|17,772672|16,625669|8,497863
6|7|1,519115|4,696237|6,866880|7,227757|7,891528|12,068724|17,244243|15,504790|7,891528
6|8|1,525524|5,312569|7,984277|8,297120|9,097543|12,112658|18,837468|16,681763|9,097543
6|9|1,509187|4,526811|6,753327|7,076922|7,666148|12,068016|17,370155|15,744057|7,666148
6|10|1,543017|5,216352|7,480966|7,822805|8,511392|12,164101|20,884604|17,615098|8,511392
6|11|1,509303|4,678641|6,898313|7,217260|7,829236|12,090448|18,309928|16,198169|7,829236
6|12|1,506965|5,757813|8,396500|8,706031|9,345234|12,519029|23,011098|20,116400|9,345234
6|13|1,539597|5,285406|7,697597|8,029010|8,717407|12,195403|20,838040|18,339883|8,717407
6|14|1,543734|5,521718|7,918809|8,253489|8,924453|12,127097|19,149243|17,444986|8,924453
6|15|1,518801|4,851098|7,161276|7,478417|8,132750|12,037963|17,837462|15,872697|8,132750
7|1|2,226676|10,730658|11,737164|12,346895|13,835538|11,870355|12,711635|13,061275|13,835538
7|2|1,537681|5,251712|7,315008|7,657247|8,266413|12,083768|18,428087|15,906935|8,266413
7|3|1,540387|4,873490|6,162352|6,580370|7,134515|11,965902|15,156226|13,195803|7,134515
7|4|1,589757|4,859788|4,841955|5,978749|7,002496|11,801967|9,245493|8,266408|7,002496
7|5|1,547670|5,411355|7,259325|7,629898|8,265317|12,203607|19,478696|15,640827|8,265317
7|6|1,532635|4,381250|5,795375|6,148053|6,795069|12,073097|14,910825|12,998190|6,795069
7|7|1,544738|5,243013|7,121925|7,490666|8,151401|12,201646|20,366860|16,197308|8,151401
7|8|1,546955|4,848475|6,923071|7,249082|7,791486|12,051647|18,728413|16,002355|7,791486
7|9|1,555266|5,260869|6,479471|6,873687|7,569051|12,129089|15,637922|12,763777|7,569051
7|10|1,533674|4,625693|6,642864|6,969037|7,506078|11,974068|17,289855|15,391286|7,506078
7|11|1,535634|4,664093|5,901581|6,294769|6,860073|12,116842|17,312490|14,140937|6,860073
7|12|1,546991|5,116591|7,088991|7,452028|8,180983|12,138024|18,971532|15,619855|8,180983
7|13|1,540456|4,615895|6,045903|6,424169|7,120248|12,105514|16,287702|13,655288|7,120248
7|14|1,555964|5,805017|7,635114|7,986350|8,669386|12,092810|20,244150|17,636713|8,669386
7|15|1,529689|4,376752|6,222684|6,583449|7,235276|11,999949|15,853038|14,178974|7,235276
8|1|2,445688|10,588668|12,721454|13,310843|14,989047|11,961483|15,533672|15,208941|14,989047
8|2|1,506885|4,042385|5,017552|5,475462|6,192699|12,457217|12,898213|11,120761|6,192699
8|3|1,504180|4,035707|4,909343|5,408627|6,064331|12,163688|11,217673|10,314453|6,064331
8|4|1,528221|5,386904|5,879627|6,413263|7,348942|12,160275|14,043446|11,912296|7,348942
8|5|1,528025|4,244962|4,915991|5,372571|6,119585|12,508583|12,537587|10,695773|6,119585
8|6|1,617894|4,021445|3,119527|3,671308|4,469490|12,895157|9,552531|7,586902|4,469490
8|7|1,535836|5,192466|5,713740|6,162543|7,047301|12,507055|14,971576|12,253886|7,047301
8|8|1,531304|3,757903|4,894531|5,365792|6,139349|12,154724|12,095342|10,834774|6,139349
8|9|1,531338|3,851404|4,875458|5,337606|6,049361|12,161304|12,499302|11,161729|6,049361
8|10|1,539075|4,891839|6,032929|6,514823|7,379585|12,214467|13,658107|12,076448|7,379585
8|11|1,530788|4,362575|5,512455|6,013389|6,970699|12,238862|14,622676|12,489593|6,970699
8|12|1,526733|3,966753|5,184483|5,644452|6,312848|12,023816|12,707052|11,481821|6,312848
8|13|1,518897|4,748044|6,010222|6,479284|7,428133|12,180408|14,017419|12,408263|7,428133
8|14|1,657238|6,530407|6,978962|7,480167|8,050411|11,907125|15,122068|14,337576|8,050411
8|15|1,563222|5,315032|6,008867|6,463489|7,165271|12,210603|17,206483|14,063546|7,165271
